Iteration,Objective,Score,MinOut,MaxOut,stdDevMinOutPos,stdDevMinOutNeg,StdDevMaxOutPos,StdDevMaxOutNeg,HyperplanePercentage
0,2.98821e+06,0,-0.00482459,-nan,0.0028113,0.00281406,-nan,-nan,1.33853e-15
1,2.96482e+06,0,-0.0144401,-nan,0.00277725,0.00278148,-nan,-nan,1.34903e-15
2,2.9417e+06,0,-0.0239417,-nan,0.0027443,0.0027486,-nan,-nan,1.35956e-15
3,2.91886e+06,0,-0.03333,-nan,0.00271175,0.00271611,-nan,-nan,1.37014e-15
4,2.89629e+06,0,-0.0426062,-nan,0.00267958,0.00268402,-nan,-nan,1.38075e-15
5,2.87399e+06,0,-0.0517719,-nan,0.0026478,0.0026523,-nan,-nan,1.39139e-15
6,2.85196e+06,0,-0.0608282,-nan,0.00261639,0.00262096,-nan,-nan,1.40208e-15
7,2.83019e+06,0,-0.0697765,-nan,0.00258537,0.00259,-nan,-nan,1.41279e-15
8,2.80867e+06,0,-0.078618,-nan,0.00255471,0.0025594,-nan,-nan,1.42354e-15
9,2.78742e+06,0,-0.0873541,-nan,0.00252441,0.00252917,-nan,-nan,1.43433e-15
10,2.76642e+06,0,-0.0959859,-nan,0.00249448,0.00249931,-nan,-nan,1.44515e-15
11,2.74567e+06,0,-0.104515,-nan,0.00246491,0.00246979,-nan,-nan,1.456e-15
12,2.72517e+06,0,-0.112942,-nan,0.00243568,0.00244063,-nan,-nan,1.46688e-15
13,2.70491e+06,0,-0.121269,-nan,0.00240681,0.00241182,-nan,-nan,1.4778e-15
14,2.68489e+06,0,-0.129496,-nan,0.00237828,0.00238335,-nan,-nan,1.48875e-15
15,2.66511e+06,0,-0.137625,-nan,0.00235009,0.00235522,-nan,-nan,1.49972e-15
16,2.64557e+06,0,-0.145657,-nan,0.00232224,0.00232743,-nan,-nan,1.51073e-15
17,2.62626e+06,0,-0.153594,-nan,0.00229472,0.00229997,-nan,-nan,1.52176e-15
18,2.60719e+06,0,-0.161436,-nan,0.00226753,0.00227283,-nan,-nan,1.53282e-15
19,2.58833e+06,0,-0.169184,-nan,0.00224066,0.00224602,-nan,-nan,1.54391e-15
20,2.56971e+06,0,-0.176839,-nan,0.00221412,0.00221953,-nan,-nan,1.55503e-15
21,2.5513e+06,0,-0.184404,-nan,0.00218789,0.00219335,-nan,-nan,1.56617e-15
22,2.53312e+06,0,-0.191878,-nan,0.00216197,0.00216749,-nan,-nan,1.57734e-15
23,2.51515e+06,0,-0.199263,-nan,0.00213636,0.00214194,-nan,-nan,1.58853e-15
24,2.4974e+06,0,-0.20656,-nan,0.00211106,0.00211669,-nan,-nan,1.59975e-15
25,2.47986e+06,0,-0.21377,-nan,0.00208606,0.00209174,-nan,-nan,1.61098e-15
26,2.46253e+06,0,-0.220894,-nan,0.00206136,0.00206709,-nan,-nan,1.62224e-15
27,2.4454e+06,0,-0.227933,-nan,0.00203695,0.00204273,-nan,-nan,1.63353e-15
28,2.42848e+06,0,-0.234888,-nan,0.00201283,0.00201867,-nan,-nan,1.64483e-15
29,2.41176e+06,0,-0.24176,-nan,0.001989,0.00199489,-nan,-nan,1.65615e-15
30,2.39524e+06,0,-0.24855,-nan,0.00196546,0.00197139,-nan,-nan,1.6675e-15
31,2.37892e+06,0,-0.255259,-nan,0.0019422,0.00194818,-nan,-nan,1.67886e-15
32,2.36279e+06,0,-0.261888,-nan,0.00191921,0.00192524,-nan,-nan,1.69023e-15
33,2.34685e+06,0,-0.268438,-nan,0.0018965,0.00190257,-nan,-nan,1.70163e-15
34,2.33111e+06,0,-0.27491,-nan,0.00187406,0.00188018,-nan,-nan,1.71304e-15
35,2.31555e+06,0,-0.281305,-nan,0.00185188,0.00185805,-nan,-nan,1.72447e-15
36,2.30018e+06,0,-0.287623,-nan,0.00182998,0.00183619,-nan,-nan,1.73591e-15
37,2.28499e+06,0,-0.293866,-nan,0.00180833,0.00181459,-nan,-nan,1.74736e-15
38,2.26998e+06,0,-0.300035,-nan,0.00178694,0.00179324,-nan,-nan,1.75883e-15
39,2.25515e+06,0,-0.30613,-nan,0.00176581,0.00177215,-nan,-nan,1.77031e-15
40,2.2405e+06,0,-0.312152,-nan,0.00174493,0.00175131,-nan,-nan,1.7818e-15
41,2.22603e+06,0,-0.318102,-nan,0.00172429,0.00173072,-nan,-nan,1.79331e-15
42,2.21172e+06,0,-0.323982,-nan,0.00170391,0.00171038,-nan,-nan,1.80482e-15
43,2.19759e+06,0,-0.329791,-nan,0.00168377,0.00169028,-nan,-nan,1.81634e-15
44,2.18362e+06,0,-0.335531,-nan,0.00166386,0.00167042,-nan,-nan,1.82787e-15
45,2.16982e+06,0,-0.341202,-nan,0.0016442,0.00165079,-nan,-nan,1.8394e-15
46,2.15619e+06,0,-0.346806,-nan,0.00162477,0.0016314,-nan,-nan,1.85094e-15
47,2.14272e+06,0,-0.352343,-nan,0.00160557,0.00161224,-nan,-nan,1.86249e-15
48,2.12941e+06,0,-0.357814,-nan,0.0015866,0.00159331,-nan,-nan,1.87404e-15
49,2.11626e+06,0,-0.36322,-nan,0.00156786,0.00157461,-nan,-nan,1.8856e-15
50,2.10326e+06,0,-0.368561,-nan,0.00154934,0.00155612,-nan,-nan,1.89716e-15
51,2.09042e+06,0,-0.373839,-nan,0.00153104,0.00153786,-nan,-nan,1.90872e-15
52,2.07773e+06,0,-0.379054,-nan,0.00151296,0.00151982,-nan,-nan,1.92028e-15
53,2.0652e+06,0,-0.384206,-nan,0.0014951,0.00150199,-nan,-nan,1.93184e-15
54,2.05281e+06,0,-0.389297,-nan,0.00147744,0.00148437,-nan,-nan,1.94341e-15
55,2.04058e+06,0,-0.394327,-nan,0.00146,0.00146697,-nan,-nan,1.95497e-15
56,2.02848e+06,0,-0.399297,-nan,0.00144277,0.00144977,-nan,-nan,1.96653e-15
57,2.01654e+06,0,-0.404208,-nan,0.00142575,0.00143278,-nan,-nan,1.97809e-15
58,2.00473e+06,0,-0.40906,-nan,0.00140892,0.00141599,-nan,-nan,1.98964e-15
59,1.99307e+06,0,-0.413855,-nan,0.0013923,0.0013994,-nan,-nan,2.00119e-15
60,1.98154e+06,0,-0.418592,-nan,0.00137588,0.00138301,-nan,-nan,2.01273e-15
61,1.97015e+06,0,-0.423273,-nan,0.00135965,0.00136681,-nan,-nan,2.02427e-15
62,1.9589e+06,0,-0.427898,-nan,0.00134361,0.00135081,-nan,-nan,2.0358e-15
63,1.94778e+06,0,-0.432468,-nan,0.00132777,0.001335,-nan,-nan,2.04732e-15
64,1.9368e+06,0,-0.436983,-nan,0.00131211,0.00131937,-nan,-nan,2.05883e-15
65,1.92594e+06,0,-0.441444,-nan,0.00129665,0.00130394,-nan,-nan,2.07034e-15
66,1.91522e+06,0,-0.445852,-nan,0.00128136,0.00128868,-nan,-nan,2.08183e-15
67,1.90462e+06,0,-0.450208,-nan,0.00126626,0.00127361,-nan,-nan,2.09331e-15
68,1.89415e+06,0,-0.454512,-nan,0.00125134,0.00125872,-nan,-nan,2.10478e-15
69,1.8838e+06,0,-0.458764,-nan,0.0012366,0.00124401,-nan,-nan,2.11624e-15
70,1.87358e+06,0,-0.462966,-nan,0.00122204,0.00122947,-nan,-nan,2.12768e-15
71,1.86348e+06,0,-0.467117,-nan,0.00120764,0.0012151,-nan,-nan,2.13911e-15
72,1.8535e+06,0,-0.471219,-nan,0.00119342,0.00120091,-nan,-nan,2.15053e-15
73,1.84364e+06,0,-0.475272,-nan,0.00117937,0.00118689,-nan,-nan,2.16193e-15
74,1.8339e+06,0,-0.479277,-nan,0.00116549,0.00117303,-nan,-nan,2.17331e-15
75,1.82427e+06,0,-0.483234,-nan,0.00115177,0.00115934,-nan,-nan,2.18467e-15
76,1.81476e+06,0,-0.487143,-nan,0.00113822,0.00114581,-nan,-nan,2.19602e-15
77,1.80536e+06,0,-0.491006,-nan,0.00112483,0.00113244,-nan,-nan,2.20734e-15
78,1.79607e+06,0,-0.494823,-nan,0.00111159,0.00111924,-nan,-nan,2.21865e-15
79,1.7869e+06,0,-0.498595,-nan,0.00109852,0.00110619,-nan,-nan,2.22994e-15
80,1.77783e+06,0,-0.502321,-nan,0.0010856,0.00109329,-nan,-nan,2.2412e-15
81,1.76887e+06,0,-0.506003,-nan,0.00107284,0.00108055,-nan,-nan,2.25244e-15
82,1.76002e+06,0,-0.509641,-nan,0.00106023,0.00106797,-nan,-nan,2.26366e-15
83,1.75128e+06,0,-0.513236,-nan,0.00104759,0.0010557,-nan,-nan,2.27486e-15
84,1.74264e+06,0,-0.516788,-nan,0.00103528,0.00104341,-nan,-nan,2.28603e-15
85,1.7341e+06,0,-0.520297,-nan,0.00102312,0.00103127,-nan,-nan,2.29717e-15
86,1.72566e+06,0,-0.523765,-nan,0.0010111,0.00101927,-nan,-nan,2.30829e-15
87,1.71733e+06,0,-0.527191,-nan,0.000999226,0.00100741,-nan,-nan,2.31938e-15
88,1.70909e+06,0,-0.530576,-nan,0.000987494,0.000995696,-nan,-nan,2.33045e-15
89,1.70095e+06,0,-0.533921,-nan,0.000975738,0.000984284,-nan,-nan,2.34149e-15
90,1.69291e+06,0,-0.537226,-nan,0.000964286,0.000972845,-nan,-nan,2.3525e-15
91,1.68497e+06,0,-0.540492,-nan,0.000952971,0.000961542,-nan,-nan,2.36348e-15
92,1.67712e+06,0,-0.543719,-nan,0.00094179,0.000950374,-nan,-nan,2.37442e-15
93,1.66936e+06,0,-0.546907,-nan,0.000930743,0.000939339,-nan,-nan,2.38534e-15
94,1.66169e+06,0,-0.550057,-nan,0.000919675,0.000928591,-nan,-nan,2.39623e-15
95,1.65412e+06,0,-0.55317,-nan,0.000908741,0.000917969,-nan,-nan,2.40708e-15
96,1.64664e+06,0,-0.556245,-nan,0.000898088,0.000907321,-nan,-nan,2.41791e-15
97,1.63925e+06,0,-0.559284,-nan,0.000887563,0.0008968,-nan,-nan,2.42869e-15
98,1.63194e+06,0,-0.562287,-nan,0.000877164,0.000886405,-nan,-nan,2.43945e-15
99,1.62472e+06,0,-0.565253,-nan,0.000866888,0.000876133,-nan,-nan,2.45017e-15
100,1.61759e+06,0,-0.568185,-nan,0.000856736,0.000865984,-nan,-nan,2.46085e-15
101,1.61054e+06,0,-0.571081,-nan,0.000846423,0.000856242,-nan,-nan,2.4715e-15
102,1.60358e+06,0,-0.573943,-nan,0.000836514,0.000846331,-nan,-nan,2.48211e-15
103,1.5967e+06,0,-0.576771,-nan,0.000826725,0.000836537,-nan,-nan,2.49269e-15
104,1.58991e+06,0,-0.579565,-nan,0.000816916,0.000826999,-nan,-nan,2.50323e-15
105,1.58319e+06,0,-0.582325,-nan,0.00080736,0.000817437,-nan,-nan,2.51372e-15
106,1.57655e+06,0,-0.585053,-nan,0.000797785,0.000808123,-nan,-nan,2.52418e-15
107,1.57e+06,0,-0.587748,-nan,0.000788327,0.000798919,-nan,-nan,2.53461e-15
108,1.56352e+06,0,-0.590411,-nan,0.000779113,0.000789692,-nan,-nan,2.54499e-15
109,1.55711e+06,0,-0.593042,-nan,0.000770008,0.000780575,-nan,-nan,2.55533e-15
110,1.55079e+06,0,-0.595642,-nan,0.000761013,0.000771566,-nan,-nan,2.56563e-15
111,1.54454e+06,0,-0.598211,-nan,0.00075225,0.000762538,-nan,-nan,2.57588e-15
112,1.53836e+06,0,-0.600749,-nan,0.000743466,0.000753744,-nan,-nan,2.5861e-15
113,1.53226e+06,0,-0.603257,-nan,0.000734665,0.000745181,-nan,-nan,2.59627e-15
114,1.52623e+06,0,-0.605735,-nan,0.000725971,0.000736717,-nan,-nan,2.6064e-15
115,1.52028e+06,0,-0.608184,-nan,0.000717383,0.000728354,-nan,-nan,2.61649e-15
116,1.51439e+06,0,-0.610603,-nan,0.000709016,0.000719969,-nan,-nan,2.62653e-15
117,1.50858e+06,0,-0.612993,-nan,0.000700749,0.000711684,-nan,-nan,2.63653e-15
118,1.50283e+06,0,-0.615355,-nan,0.000692696,0.00070338,-nan,-nan,2.64649e-15
119,1.49715e+06,0,-0.617689,-nan,0.00068451,0.000695409,-nan,-nan,2.6564e-15
120,1.49154e+06,0,-0.619995,-nan,0.000676536,0.000687416,-nan,-nan,2.66626e-15
121,1.486e+06,0,-0.622273,-nan,0.000668657,0.00067952,-nan,-nan,2.67608e-15
122,1.48052e+06,0,-0.624524,-nan,0.000660873,0.000671717,-nan,-nan,2.68585e-15
123,1.47511e+06,0,-0.626749,-nan,0.000653181,0.000664008,-nan,-nan,2.69557e-15
124,1.46976e+06,0,-0.628946,-nan,0.000645581,0.00065639,-nan,-nan,2.70525e-15
125,1.46448e+06,0,-0.631118,-nan,0.000637966,0.000648972,-nan,-nan,2.71488e-15
126,1.45926e+06,0,-0.633264,-nan,0.000630549,0.000641534,-nan,-nan,2.72446e-15
127,1.4541e+06,0,-0.635384,-nan,0.000623219,0.000634185,-nan,-nan,2.73399e-15
128,1.449e+06,0,-0.637479,-nan,0.000615978,0.000626924,-nan,-nan,2.74348e-15
129,1.44397e+06,0,-0.639548,-nan,0.000608722,0.000619852,-nan,-nan,2.75291e-15
130,1.43899e+06,0,-0.641594,-nan,0.000601654,0.000612762,-nan,-nan,2.7623e-15
131,1.43408e+06,0,-0.643614,-nan,0.00059467,0.000605756,-nan,-nan,2.77164e-15
132,1.42922e+06,0,-0.645611,-nan,0.00058777,0.000598834,-nan,-nan,2.78092e-15
133,1.42442e+06,0,-0.647584,-nan,0.000580759,0.000592193,-nan,-nan,2.79016e-15
134,1.41968e+06,0,-0.649533,-nan,0.00057393,0.000585531,-nan,-nan,2.79934e-15
135,1.41499e+06,0,-0.651459,-nan,0.000567278,0.00057885,-nan,-nan,2.80848e-15
136,1.41036e+06,0,-0.653362,-nan,0.000560798,0.000572153,-nan,-nan,2.81756e-15
137,1.40579e+06,0,-0.655242,-nan,0.000554211,0.000565727,-nan,-nan,2.8266e-15
138,1.40127e+06,0,-0.6571,-nan,0.000547794,0.000559283,-nan,-nan,2.83558e-15
139,1.3968e+06,0,-0.658936,-nan,0.000541455,0.000552915,-nan,-nan,2.84451e-15
140,1.39239e+06,0,-0.66075,-nan,0.000535191,0.000546624,-nan,-nan,2.85339e-15
141,1.38803e+06,0,-0.662542,-nan,0.000529002,0.000540408,-nan,-nan,2.86222e-15
142,1.38372e+06,0,-0.664313,-nan,0.0005228,0.000534355,-nan,-nan,2.87099e-15
143,1.37946e+06,0,-0.666063,-nan,0.000516417,0.00052864,-nan,-nan,2.87971e-15
144,1.37525e+06,0,-0.667792,-nan,0.000510537,0.000522551,-nan,-nan,2.88838e-15
145,1.3711e+06,0,-0.6695,-nan,0.00050481,0.000516449,-nan,-nan,2.897e-15
146,1.36699e+06,0,-0.671188,-nan,0.000498985,0.000510593,-nan,-nan,2.90556e-15
147,1.36293e+06,0,-0.672855,-nan,0.000493229,0.000504807,-nan,-nan,2.91407e-15
148,1.35893e+06,0,-0.674503,-nan,0.000487623,0.000499006,-nan,-nan,2.92253e-15
149,1.35496e+06,0,-0.676131,-nan,0.000481844,0.000493524,-nan,-nan,2.93093e-15
150,1.35105e+06,0,-0.67774,-nan,0.000476293,0.000487942,-nan,-nan,2.93928e-15
151,1.34718e+06,0,-0.67933,-nan,0.000470887,0.000482345,-nan,-nan,2.94757e-15
152,1.34336e+06,0,-0.6809,-nan,0.000465468,0.000476896,-nan,-nan,2.95582e-15
153,1.33959e+06,0,-0.682452,-nan,0.00046019,0.000471433,-nan,-nan,2.96401e-15
154,1.33586e+06,0,-0.683986,-nan,0.000454748,0.000466271,-nan,-nan,2.97214e-15
155,1.33217e+06,0,-0.685501,-nan,0.000449522,0.000461014,-nan,-nan,2.98022e-15
156,1.32853e+06,0,-0.686998,-nan,0.000444285,0.000455896,-nan,-nan,2.98825e-15
157,1.32493e+06,0,-0.688477,-nan,0.000439257,0.000450688,-nan,-nan,2.99622e-15
158,1.32137e+06,0,-0.689938,-nan,0.000434217,0.000445617,-nan,-nan,3.00414e-15
159,1.31786e+06,0,-0.691382,-nan,0.000429165,0.00044068,-nan,-nan,3.012e-15
160,1.31439e+06,0,-0.692809,-nan,0.000424246,0.000435729,-nan,-nan,3.01981e-15
161,1.31096e+06,0,-0.694219,-nan,0.000419385,0.000430837,-nan,-nan,3.02757e-15
162,1.30757e+06,0,-0.695612,-nan,0.000414514,0.000426075,-nan,-nan,3.03527e-15
163,1.30422e+06,0,-0.696988,-nan,0.000409634,0.000421439,-nan,-nan,3.04292e-15
164,1.30091e+06,0,-0.698348,-nan,0.000405016,0.000416648,-nan,-nan,3.05051e-15
165,1.29764e+06,0,-0.699692,-nan,0.000400452,0.000411914,-nan,-nan,3.05805e-15
166,1.29441e+06,0,-0.70102,-nan,0.000395811,0.000407375,-nan,-nan,3.06553e-15
167,1.29122e+06,0,-0.702332,-nan,0.000391291,0.000402821,-nan,-nan,3.07296e-15
168,1.28807e+06,0,-0.703628,-nan,0.000386698,0.000398456,-nan,-nan,3.08034e-15
169,1.28495e+06,0,-0.704909,-nan,0.000382287,0.000394009,-nan,-nan,3.08766e-15
170,1.28187e+06,0,-0.706174,-nan,0.00037793,0.000389615,-nan,-nan,3.09493e-15
171,1.27883e+06,0,-0.707425,-nan,0.000373563,0.000385338,-nan,-nan,3.10214e-15
172,1.27582e+06,0,-0.70866,-nan,0.000369249,0.000381112,-nan,-nan,3.1093e-15
173,1.27285e+06,0,-0.709881,-nan,0.000365047,0.000376873,-nan,-nan,3.11641e-15
174,1.26992e+06,0,-0.711087,-nan,0.000361016,0.000372558,-nan,-nan,3.12346e-15
175,1.26702e+06,0,-0.712279,-nan,0.000356855,0.000368483,-nan,-nan,3.13046e-15
176,1.26416e+06,0,-0.713456,-nan,0.000352569,0.000364639,-nan,-nan,3.1374e-15
177,1.26132e+06,0,-0.71462,-nan,0.000348568,0.000360596,-nan,-nan,3.14429e-15
178,1.25853e+06,0,-0.71577,-nan,0.000344615,0.000356601,-nan,-nan,3.15113e-15
179,1.25576e+06,0,-0.716905,-nan,0.000340766,0.000352595,-nan,-nan,3.15791e-15
180,1.25303e+06,0,-0.718028,-nan,0.000336851,0.000348755,-nan,-nan,3.16464e-15
181,1.25033e+06,0,-0.719137,-nan,0.000332984,0.00034496,-nan,-nan,3.17132e-15
182,1.24767e+06,0,-0.720233,-nan,0.000329218,0.000341152,-nan,-nan,3.17794e-15
183,1.24503e+06,0,-0.721315,-nan,0.000325497,0.00033739,-nan,-nan,3.18451e-15
184,1.24243e+06,0,-0.722385,-nan,0.000321822,0.000333673,-nan,-nan,3.19103e-15
185,1.23986e+06,0,-0.723442,-nan,0.000318138,0.000330056,-nan,-nan,3.19749e-15
186,1.23732e+06,0,-0.724487,-nan,0.00031455,0.000326426,-nan,-nan,3.20391e-15
187,1.23481e+06,0,-0.725518,-nan,0.000311006,0.00032284,-nan,-nan,3.21027e-15
188,1.23233e+06,0,-0.726538,-nan,0.000307555,0.000319243,-nan,-nan,3.21658e-15
189,1.22988e+06,0,-0.727546,-nan,0.000304096,0.000315743,-nan,-nan,3.22283e-15
190,1.22746e+06,0,-0.728541,-nan,0.000300578,0.000312389,-nan,-nan,3.22904e-15
191,1.22506e+06,0,-0.729525,-nan,0.000297202,0.000308971,-nan,-nan,3.23519e-15
192,1.2227e+06,0,-0.730497,-nan,0.000293915,0.000305542,-nan,-nan,3.24129e-15
193,1.22036e+06,0,-0.731457,-nan,0.000290619,0.000302205,-nan,-nan,3.24734e-15
194,1.21805e+06,0,-0.732406,-nan,0.000287269,0.000299009,-nan,-nan,3.25334e-15
195,1.21577e+06,0,-0.733343,-nan,0.000284147,0.000295651,-nan,-nan,3.25928e-15
196,1.21352e+06,0,-0.734269,-nan,0.000280876,0.000292531,-nan,-nan,3.26518e-15
197,1.21129e+06,0,-0.735185,-nan,0.000277554,0.000289546,-nan,-nan,3.27102e-15
198,1.20909e+06,0,-0.736089,-nan,0.000274455,0.0002864,-nan,-nan,3.27682e-15
199,1.20692e+06,0,-0.736983,-nan,0.000271304,0.000283389,-nan,-nan,3.28256e-15
200,1.20477e+06,0,-0.737866,-nan,0.000268148,0.000280459,-nan,-nan,3.28826e-15
201,1.20265e+06,0,-0.738738,-nan,0.000265119,0.00027747,-nan,-nan,3.2939e-15
202,1.20055e+06,0,-0.7396,-nan,0.000261998,0.000274655,-nan,-nan,3.2995e-15
203,1.19848e+06,0,-0.740452,-nan,0.000259129,0.000271643,-nan,-nan,3.30505e-15
204,1.19643e+06,0,-0.741293,-nan,0.000256168,0.000268803,-nan,-nan,3.31054e-15
205,1.19441e+06,0,-0.742125,-nan,0.000253161,0.000266087,-nan,-nan,3.31599e-15
206,1.19241e+06,0,-0.742946,-nan,0.000250315,0.000263268,-nan,-nan,3.32139e-15
207,1.19043e+06,0,-0.743758,-nan,0.000247423,0.00026057,-nan,-nan,3.32674e-15
208,1.18848e+06,0,-0.74456,-nan,0.000244687,0.000257773,-nan,-nan,3.33204e-15
209,1.18655e+06,0,-0.745352,-nan,0.000241865,0.000255138,-nan,-nan,3.3373e-15
210,1.18465e+06,0,-0.746136,-nan,0.000239118,0.000252492,-nan,-nan,3.3425e-15
211,1.18277e+06,0,-0.746909,-nan,0.000236328,0.000249961,-nan,-nan,3.34766e-15
212,1.18091e+06,0,-0.747674,-nan,0.000233727,0.000247291,-nan,-nan,3.35277e-15
213,1.17907e+06,0,-0.748429,-nan,0.000231118,0.000244694,-nan,-nan,3.35784e-15
214,1.17725e+06,0,-0.749175,-nan,0.00022843,0.000242252,-nan,-nan,3.36286e-15
215,1.17546e+06,0,-0.749913,-nan,0.000225924,0.000239674,-nan,-nan,3.36783e-15
216,1.17369e+06,0,-0.750642,-nan,0.000223448,0.000237127,-nan,-nan,3.37275e-15
217,1.17193e+06,0,-0.751362,-nan,0.000220786,0.000234851,-nan,-nan,3.37763e-15
218,1.1702e+06,0,-0.752073,-nan,0.000218372,0.000232363,-nan,-nan,3.38246e-15
219,1.16849e+06,0,-0.752776,-nan,0.000215952,0.000229943,-nan,-nan,3.38725e-15
220,1.1668e+06,0,-0.75347,-nan,0.000213562,0.000227552,-nan,-nan,3.39199e-15
221,1.16513e+06,0,-0.754157,-nan,0.000211132,0.000225266,-nan,-nan,3.39669e-15
222,1.16348e+06,0,-0.754835,-nan,0.000208767,0.000222968,-nan,-nan,3.40135e-15
223,1.16185e+06,0,-0.755505,-nan,0.000206465,0.00022066,-nan,-nan,3.40595e-15
224,1.16024e+06,0,-0.756167,-nan,0.000204126,0.000218454,-nan,-nan,3.41052e-15
225,1.15865e+06,0,-0.756821,-nan,0.000201946,0.000216124,-nan,-nan,3.41504e-15
226,1.15708e+06,0,-0.757467,-nan,0.000199663,0.00021397,-nan,-nan,3.41951e-15
227,1.15553e+06,0,-0.758105,-nan,0.000197473,0.000211769,-nan,-nan,3.42395e-15
228,1.15399e+06,0,-0.758736,-nan,0.00019531,0.000209593,-nan,-nan,3.42834e-15
229,1.15248e+06,0,-0.75936,-nan,0.000193143,0.000207478,-nan,-nan,3.43268e-15
230,1.15098e+06,0,-0.759976,-nan,0.000191033,0.000205353,-nan,-nan,3.43699e-15
231,1.1495e+06,0,-0.760584,-nan,0.000189011,0.000203184,-nan,-nan,3.44125e-15
232,1.14803e+06,0,-0.761186,-nan,0.000186952,0.000201109,-nan,-nan,3.44547e-15
233,1.14659e+06,0,-0.76178,-nan,0.000184919,0.00019906,-nan,-nan,3.44965e-15
234,1.14516e+06,0,-0.762367,-nan,0.000182911,0.000197034,-nan,-nan,3.45379e-15
235,1.14375e+06,0,-0.762947,-nan,0.000180928,0.000195033,-nan,-nan,3.45788e-15
236,1.14235e+06,0,-0.76352,-nan,0.000178998,0.000193022,-nan,-nan,3.46194e-15
237,1.14097e+06,0,-0.764087,-nan,0.000177091,0.000191035,-nan,-nan,3.46595e-15
238,1.13961e+06,0,-0.764646,-nan,0.00017518,0.000189105,-nan,-nan,3.46993e-15
239,1.13827e+06,0,-0.765199,-nan,0.000173293,0.000187197,-nan,-nan,3.47386e-15
240,1.13694e+06,0,-0.765746,-nan,0.000171456,0.00018528,-nan,-nan,3.47775e-15
241,1.13563e+06,0,-0.766285,-nan,0.000169642,0.000183386,-nan,-nan,3.48161e-15
242,1.13433e+06,0,-0.766819,-nan,0.000167823,0.000181546,-nan,-nan,3.48543e-15
243,1.13305e+06,0,-0.767346,-nan,0.000166081,0.000179666,-nan,-nan,3.4892e-15
244,1.13178e+06,0,-0.767867,-nan,0.000164332,0.000177839,-nan,-nan,3.49294e-15
245,1.13053e+06,0,-0.768381,-nan,0.00016258,0.000176065,-nan,-nan,3.49664e-15
246,1.12929e+06,0,-0.768889,-nan,0.0001609,0.000174251,-nan,-nan,3.5003e-15
247,1.12807e+06,0,-0.769392,-nan,0.000159216,0.00017249,-nan,-nan,3.50392e-15
248,1.12686e+06,0,-0.769888,-nan,0.000157527,0.000170778,-nan,-nan,3.50751e-15
249,1.12567e+06,0,-0.770378,-nan,0.000155884,0.000169058,-nan,-nan,3.51106e-15
250,1.12449e+06,0,-0.770863,-nan,0.000154286,0.00016733,-nan,-nan,3.51457e-15
251,1.12332e+06,0,-0.771342,-nan,0.000152658,0.00016568,-nan,-nan,3.51805e-15
252,1.12217e+06,0,-0.771815,-nan,0.0001511,0.000163993,-nan,-nan,3.52149e-15
253,1.12104e+06,0,-0.772282,-nan,0.000149536,0.000162354,-nan,-nan,3.52489e-15
254,1.11991e+06,0,-0.772744,-nan,0.000147944,0.000160791,-nan,-nan,3.52826e-15
255,1.1188e+06,0,-0.7732,-nan,0.000146395,0.000159218,-nan,-nan,3.53159e-15
256,1.11771e+06,0,-0.773651,-nan,0.000144889,0.000157637,-nan,-nan,3.53489e-15
257,1.11662e+06,0,-0.774097,-nan,0.000143356,0.000156128,-nan,-nan,3.53815e-15
258,1.11555e+06,0,-0.774537,-nan,0.000141911,0.000154558,-nan,-nan,3.54137e-15
259,1.11449e+06,0,-0.774972,-nan,0.00014046,0.000153033,-nan,-nan,3.54457e-15
260,1.11345e+06,0,-0.775402,-nan,0.000138983,0.000151578,-nan,-nan,3.54772e-15
261,1.11241e+06,0,-0.775826,-nan,0.000137547,0.000150115,-nan,-nan,3.55085e-15
262,1.11139e+06,0,-0.776246,-nan,0.000136173,0.000148617,-nan,-nan,3.55394e-15
263,1.11038e+06,0,-0.77666,-nan,0.000134772,0.000147189,-nan,-nan,3.557e-15
264,1.10939e+06,0,-0.77707,-nan,0.000133367,0.000145803,-nan,-nan,3.56002e-15
265,1.1084e+06,0,-0.777475,-nan,0.000132065,0.000144333,-nan,-nan,3.56301e-15
266,1.10743e+06,0,-0.777875,-nan,0.000130737,0.000142931,-nan,-nan,3.56597e-15
267,1.10647e+06,0,-0.77827,-nan,0.000129363,0.000141619,-nan,-nan,3.5689e-15
268,1.10552e+06,0,-0.77866,-nan,0.000128068,0.00014025,-nan,-nan,3.57179e-15
269,1.10458e+06,0,-0.779046,-nan,0.00012679,0.000138897,-nan,-nan,3.57466e-15
270,1.10365e+06,0,-0.779427,-nan,0.000125467,0.000137632,-nan,-nan,3.57749e-15
271,1.10274e+06,0,-0.779804,-nan,0.000124221,0.000136311,-nan,-nan,3.58029e-15
272,1.10183e+06,0,-0.780176,-nan,0.000122991,0.000135005,-nan,-nan,3.58306e-15
273,1.10094e+06,0,-0.780544,-nan,0.000121776,0.000133716,-nan,-nan,3.5858e-15
274,1.10005e+06,0,-0.780907,-nan,0.000120556,0.000132464,-nan,-nan,3.58851e-15
275,1.09918e+06,0,-0.781266,-nan,0.000119372,0.000131205,-nan,-nan,3.59119e-15
276,1.09832e+06,0,-0.78162,-nan,0.000118183,0.000129984,-nan,-nan,3.59383e-15
277,1.09746e+06,0,-0.781971,-nan,0.000116991,0.000128799,-nan,-nan,3.59645e-15
278,1.09662e+06,0,-0.782317,-nan,0.000115851,0.000127585,-nan,-nan,3.59904e-15
279,1.09579e+06,0,-0.782659,-nan,0.000114726,0.000126385,-nan,-nan,3.60161e-15
280,1.09497e+06,0,-0.782997,-nan,0.000113596,0.000125221,-nan,-nan,3.60414e-15
281,1.09415e+06,0,-0.783331,-nan,0.000112481,0.000124071,-nan,-nan,3.60664e-15
282,1.09335e+06,0,-0.783661,-nan,0.000111398,0.000122913,-nan,-nan,3.60912e-15
283,1.09256e+06,0,-0.783988,-nan,0.000110311,0.00012179,-nan,-nan,3.61156e-15
284,1.09177e+06,0,-0.78431,-nan,0.000109255,0.00012066,-nan,-nan,3.61398e-15
285,1.091e+06,0,-0.784628,-nan,0.000108213,0.000119544,-nan,-nan,3.61638e-15
286,1.09023e+06,0,-0.784943,-nan,0.000107167,0.000118461,-nan,-nan,3.61874e-15
287,1.08948e+06,0,-0.785253,-nan,0.000106134,0.000117392,-nan,-nan,3.62108e-15
288,1.08873e+06,0,-0.785561,-nan,0.000105131,0.000116315,-nan,-nan,3.62339e-15
289,1.08799e+06,0,-0.785864,-nan,0.000104141,0.000115251,-nan,-nan,3.62567e-15
290,1.08726e+06,0,-0.786164,-nan,0.000103147,0.000114219,-nan,-nan,3.62793e-15
291,1.08654e+06,0,-0.78646,-nan,0.000102183,0.000113181,-nan,-nan,3.63017e-15
292,1.08583e+06,0,-0.786753,-nan,0.000101246,0.000112135,-nan,-nan,3.63237e-15
293,1.08513e+06,0,-0.787042,-nan,0.00010029,0.000111141,-nan,-nan,3.63455e-15
294,1.08443e+06,0,-0.787328,-nan,9.93458e-05,0.000110158,-nan,-nan,3.63671e-15
295,1.08374e+06,0,-0.78761,-nan,9.84139e-05,0.000109188,-nan,-nan,3.63884e-15
296,1.08306e+06,0,-0.787889,-nan,9.75096e-05,0.00010821,-nan,-nan,3.64095e-15
297,1.08239e+06,0,-0.788165,-nan,9.66015e-05,0.000107262,-nan,-nan,3.64303e-15
298,1.08173e+06,0,-0.788437,-nan,9.57204e-05,0.000106308,-nan,-nan,3.64508e-15
299,1.08108e+06,0,-0.788706,-nan,9.48356e-05,0.000105383,-nan,-nan,3.64712e-15
300,1.08043e+06,0,-0.788972,-nan,9.39622e-05,0.00010447,-nan,-nan,3.64912e-15
301,1.07979e+06,0,-0.789235,-nan,9.31151e-05,0.000103549,-nan,-nan,3.65111e-15
302,1.07916e+06,0,-0.789495,-nan,9.22641e-05,0.000102657,-nan,-nan,3.65307e-15
303,1.07853e+06,0,-0.789751,-nan,9.14389e-05,0.000101759,-nan,-nan,3.65501e-15
304,1.07792e+06,0,-0.790005,-nan,9.06099e-05,0.000100888,-nan,-nan,3.65693e-15
305,1.07731e+06,0,-0.790255,-nan,8.98061e-05,0.000100011,-nan,-nan,3.65882e-15
306,1.07671e+06,0,-0.790503,-nan,8.89984e-05,9.91619e-05,-nan,-nan,3.66069e-15
307,1.07611e+06,0,-0.790747,-nan,8.82155e-05,9.83056e-05,-nan,-nan,3.66254e-15
308,1.07552e+06,0,-0.790989,-nan,8.74427e-05,9.74597e-05,-nan,-nan,3.66436e-15
309,1.07494e+06,0,-0.791227,-nan,8.66523e-05,9.66577e-05,-nan,-nan,3.66617e-15
310,1.07437e+06,0,-0.791463,-nan,8.58861e-05,9.58486e-05,-nan,-nan,3.66795e-15
311,1.0738e+06,0,-0.791696,-nan,8.513e-05,9.50492e-05,-nan,-nan,3.66971e-15
312,1.07324e+06,0,-0.791927,-nan,8.43838e-05,9.42594e-05,-nan,-nan,3.67145e-15
313,1.07269e+06,0,-0.792154,-nan,8.36475e-05,9.34791e-05,-nan,-nan,3.67317e-15
314,1.07214e+06,0,-0.792379,-nan,8.29474e-05,9.26758e-05,-nan,-nan,3.67486e-15
315,1.0716e+06,0,-0.792601,-nan,8.2217e-05,9.19304e-05,-nan,-nan,3.67654e-15
316,1.07107e+06,0,-0.79282,-nan,8.15094e-05,9.11781e-05,-nan,-nan,3.6782e-15
317,1.07054e+06,0,-0.793037,-nan,8.08241e-05,9.0419e-05,-nan,-nan,3.67983e-15
318,1.07002e+06,0,-0.793252,-nan,8.01478e-05,8.96691e-05,-nan,-nan,3.68145e-15
319,1.0695e+06,0,-0.793463,-nan,7.94424e-05,8.8975e-05,-nan,-nan,3.68304e-15
320,1.06899e+06,0,-0.793672,-nan,7.87842e-05,8.82428e-05,-nan,-nan,3.68462e-15
321,1.06849e+06,0,-0.793879,-nan,7.81347e-05,8.75195e-05,-nan,-nan,3.68618e-15
322,1.068e+06,0,-0.794083,-nan,7.74692e-05,8.68354e-05,-nan,-nan,3.68772e-15
323,1.0675e+06,0,-0.794285,-nan,7.68126e-05,8.61594e-05,-nan,-nan,3.68923e-15
324,1.06702e+06,0,-0.794485,-nan,7.61769e-05,8.54766e-05,-nan,-nan,3.69073e-15
325,1.06654e+06,0,-0.794682,-nan,7.55498e-05,8.48021e-05,-nan,-nan,3.69222e-15
326,1.06607e+06,0,-0.794876,-nan,7.49311e-05,8.41357e-05,-nan,-nan,3.69368e-15
327,1.0656e+06,0,-0.795068,-nan,7.42971e-05,8.35066e-05,-nan,-nan,3.69512e-15
328,1.06514e+06,0,-0.795259,-nan,7.37068e-05,8.28414e-05,-nan,-nan,3.69655e-15
329,1.06468e+06,0,-0.795446,-nan,7.31128e-05,8.21988e-05,-nan,-nan,3.69796e-15
330,1.06423e+06,0,-0.795632,-nan,7.25153e-05,8.15782e-05,-nan,-nan,3.69935e-15
331,1.06378e+06,0,-0.795815,-nan,7.19487e-05,8.09367e-05,-nan,-nan,3.70072e-15
332,1.06334e+06,0,-0.795996,-nan,7.13559e-05,8.03453e-05,-nan,-nan,3.70208e-15
333,1.06291e+06,0,-0.796175,-nan,7.07823e-05,7.9747e-05,-nan,-nan,3.70342e-15
334,1.06248e+06,0,-0.796352,-nan,7.02055e-05,7.91698e-05,-nan,-nan,3.70474e-15
335,1.06205e+06,0,-0.796527,-nan,6.96475e-05,7.85857e-05,-nan,-nan,3.70604e-15
336,1.06163e+06,0,-0.796699,-nan,6.90972e-05,7.80087e-05,-nan,-nan,3.70733e-15
337,1.06122e+06,0,-0.79687,-nan,6.85653e-05,7.74251e-05,-nan,-nan,3.7086e-15
338,1.06081e+06,0,-0.797039,-nan,6.80191e-05,7.68756e-05,-nan,-nan,3.70986e-15
339,1.0604e+06,0,-0.797205,-nan,6.74804e-05,7.63327e-05,-nan,-nan,3.7111e-15
340,1.06e+06,0,-0.79737,-nan,6.69703e-05,7.57696e-05,-nan,-nan,3.71232e-15
341,1.0596e+06,0,-0.797532,-nan,6.64357e-05,7.52533e-05,-nan,-nan,3.71353e-15
342,1.05921e+06,0,-0.797693,-nan,6.59294e-05,7.47167e-05,-nan,-nan,3.71472e-15
343,1.05883e+06,0,-0.797852,-nan,6.54403e-05,7.41735e-05,-nan,-nan,3.7159e-15
344,1.05845e+06,0,-0.798008,-nan,6.49477e-05,7.365e-05,-nan,-nan,3.71706e-15
345,1.05807e+06,0,-0.798163,-nan,6.44517e-05,7.31457e-05,-nan,-nan,3.71821e-15
346,1.0577e+06,0,-0.798317,-nan,6.39828e-05,7.26218e-05,-nan,-nan,3.71934e-15
347,1.05733e+06,0,-0.798468,-nan,6.35103e-05,7.21171e-05,-nan,-nan,3.72045e-15
348,1.05696e+06,0,-0.798617,-nan,6.30543e-05,7.16057e-05,-nan,-nan,3.72155e-15
349,1.0566e+06,0,-0.798765,-nan,6.25948e-05,7.11133e-05,-nan,-nan,3.72264e-15
350,1.05625e+06,0,-0.798911,-nan,6.21611e-05,7.06016e-05,-nan,-nan,3.72371e-15
351,1.0559e+06,0,-0.799055,-nan,6.17045e-05,7.01337e-05,-nan,-nan,3.72477e-15
352,1.05555e+06,0,-0.799198,-nan,6.12638e-05,6.96591e-05,-nan,-nan,3.72582e-15
353,1.05521e+06,0,-0.799338,-nan,6.08388e-05,6.91778e-05,-nan,-nan,3.72685e-15
354,1.05487e+06,0,-0.799478,-nan,6.04008e-05,6.8727e-05,-nan,-nan,3.72786e-15
355,1.05454e+06,0,-0.799615,-nan,5.99877e-05,6.82573e-05,-nan,-nan,3.72887e-15
356,1.05421e+06,0,-0.799751,-nan,5.95896e-05,6.77812e-05,-nan,-nan,3.72986e-15
357,1.05388e+06,0,-0.799885,-nan,5.91971e-05,6.73109e-05,-nan,-nan,3.73083e-15
358,1.05356e+06,0,-0.800018,-nan,5.87185e-05,6.69661e-05,-nan,-nan,3.7318e-15
359,1.05324e+06,0,-0.800149,-nan,5.83375e-05,6.65065e-05,-nan,-nan,3.73275e-15
360,1.05292e+06,0,-0.800278,-nan,5.7962e-05,6.60524e-05,-nan,-nan,3.73368e-15
361,1.05261e+06,0,-0.800406,-nan,5.75827e-05,6.56157e-05,-nan,-nan,3.73461e-15
362,1.05231e+06,0,-0.800532,-nan,5.7191e-05,6.52077e-05,-nan,-nan,3.73552e-15
363,1.052e+06,0,-0.800657,-nan,5.68224e-05,6.47815e-05,-nan,-nan,3.73642e-15
364,1.0517e+06,0,-0.80078,-nan,5.64328e-05,6.43952e-05,-nan,-nan,3.73731e-15
365,1.0514e+06,0,-0.800902,-nan,5.60747e-05,6.39791e-05,-nan,-nan,3.73818e-15
366,1.05111e+06,0,-0.801023,-nan,5.57131e-05,6.35795e-05,-nan,-nan,3.73904e-15
367,1.05082e+06,0,-0.801142,-nan,5.53566e-05,6.31848e-05,-nan,-nan,3.73989e-15
368,1.05054e+06,0,-0.801259,-nan,5.50222e-05,6.27724e-05,-nan,-nan,3.74073e-15
369,1.05025e+06,0,-0.801376,-nan,5.46841e-05,6.23762e-05,-nan,-nan,3.74156e-15
370,1.04997e+06,0,-0.80149,-nan,5.4334e-05,6.20073e-05,-nan,-nan,3.74238e-15
371,1.0497e+06,0,-0.801604,-nan,5.39972e-05,6.16318e-05,-nan,-nan,3.74318e-15
372,1.04943e+06,0,-0.801716,-nan,5.36569e-05,6.1272e-05,-nan,-nan,3.74397e-15
373,1.04916e+06,0,-0.801827,-nan,5.33461e-05,6.08836e-05,-nan,-nan,3.74476e-15
374,1.04889e+06,0,-0.801936,-nan,5.30152e-05,6.05328e-05,-nan,-nan,3.74553e-15
375,1.04863e+06,0,-0.802044,-nan,5.27053e-05,6.01645e-05,-nan,-nan,3.74629e-15
376,1.04837e+06,0,-0.802151,-nan,5.23918e-05,5.98116e-05,-nan,-nan,3.74703e-15
377,1.04811e+06,0,-0.802257,-nan,5.20666e-05,5.94846e-05,-nan,-nan,3.74777e-15
378,1.04786e+06,0,-0.802361,-nan,5.17621e-05,5.91403e-05,-nan,-nan,3.7485e-15
379,1.04761e+06,0,-0.802464,-nan,5.14619e-05,5.88002e-05,-nan,-nan,3.74922e-15
380,1.04736e+06,0,-0.802566,-nan,5.11817e-05,5.84431e-05,-nan,-nan,3.74992e-15
381,1.04711e+06,0,-0.802666,-nan,5.08821e-05,5.8122e-05,-nan,-nan,3.75062e-15
382,1.04687e+06,0,-0.802766,-nan,5.05946e-05,5.77944e-05,-nan,-nan,3.75131e-15
383,1.04663e+06,0,-0.802864,-nan,5.03189e-05,5.74605e-05,-nan,-nan,3.75198e-15
384,1.0464e+06,0,-0.802961,-nan,5.00318e-05,5.71514e-05,-nan,-nan,3.75265e-15
385,1.04616e+06,0,-0.803057,-nan,4.97488e-05,5.68462e-05,-nan,-nan,3.75331e-15
386,1.04593e+06,0,-0.803152,-nan,4.94699e-05,5.65449e-05,-nan,-nan,3.75395e-15
387,1.0457e+06,0,-0.803245,-nan,4.92101e-05,5.62267e-05,-nan,-nan,3.75459e-15
388,1.04548e+06,0,-0.803338,-nan,4.8939e-05,5.5933e-05,-nan,-nan,3.75522e-15
389,1.04526e+06,0,-0.803429,-nan,4.86569e-05,5.56633e-05,-nan,-nan,3.75584e-15
390,1.04504e+06,0,-0.80352,-nan,4.84084e-05,5.53564e-05,-nan,-nan,3.75645e-15
391,1.04482e+06,0,-0.803609,-nan,4.81562e-05,5.50635e-05,-nan,-nan,3.75705e-15
392,1.04461e+06,0,-0.803697,-nan,4.79076e-05,5.47742e-05,-nan,-nan,3.75764e-15
393,1.04439e+06,0,-0.803784,-nan,4.76626e-05,5.44886e-05,-nan,-nan,3.75822e-15
394,1.04418e+06,0,-0.80387,-nan,4.74139e-05,5.42164e-05,-nan,-nan,3.75879e-15
395,1.04398e+06,0,-0.803955,-nan,4.71759e-05,5.39378e-05,-nan,-nan,3.75936e-15
396,1.04377e+06,0,-0.804039,-nan,4.69343e-05,5.36725e-05,-nan,-nan,3.75991e-15
397,1.04357e+06,0,-0.804122,-nan,4.66961e-05,5.34106e-05,-nan,-nan,3.76046e-15
398,1.04337e+06,0,-0.804204,-nan,4.64684e-05,5.31422e-05,-nan,-nan,3.761e-15
399,1.04317e+06,0,-0.804285,-nan,4.6244e-05,5.28772e-05,-nan,-nan,3.76153e-15
400,1.04298e+06,0,-0.804365,-nan,4.60228e-05,5.26155e-05,-nan,-nan,3.76205e-15
401,1.04279e+06,0,-0.804445,-nan,4.58117e-05,5.23473e-05,-nan,-nan,3.76257e-15
402,1.0426e+06,0,-0.804523,-nan,4.559e-05,5.21018e-05,-nan,-nan,3.76307e-15
403,1.04241e+06,0,-0.8046,-nan,4.53714e-05,5.18594e-05,-nan,-nan,3.76357e-15
404,1.04222e+06,0,-0.804676,-nan,4.51696e-05,5.1601e-05,-nan,-nan,3.76406e-15
405,1.04204e+06,0,-0.804752,-nan,4.49776e-05,5.13363e-05,-nan,-nan,3.76454e-15
406,1.04186e+06,0,-0.804826,-nan,4.47681e-05,5.11032e-05,-nan,-nan,3.76502e-15
407,1.04168e+06,0,-0.8049,-nan,4.45885e-05,5.08354e-05,-nan,-nan,3.76548e-15
408,1.0415e+06,0,-0.804973,-nan,4.43982e-05,5.05896e-05,-nan,-nan,3.76594e-15
409,1.04133e+06,0,-0.805045,-nan,4.42241e-05,5.03282e-05,-nan,-nan,3.7664e-15
410,1.04115e+06,0,-0.805116,-nan,4.40526e-05,5.00701e-05,-nan,-nan,3.76684e-15
411,1.04098e+06,0,-0.805186,-nan,4.38903e-05,4.98058e-05,-nan,-nan,3.76728e-15
412,1.04081e+06,0,-0.805255,-nan,4.37372e-05,4.95357e-05,-nan,-nan,3.76771e-15
413,1.04065e+06,0,-0.805324,-nan,4.35732e-05,4.92871e-05,-nan,-nan,3.76813e-15
414,1.04048e+06,0,-0.805391,-nan,4.34052e-05,4.90507e-05,-nan,-nan,3.76855e-15
415,1.04032e+06,0,-0.805458,-nan,4.32593e-05,4.87902e-05,-nan,-nan,3.76895e-15
416,1.04016e+06,0,-0.805524,-nan,4.31354e-05,4.8506e-05,-nan,-nan,3.76936e-15
417,1.04e+06,0,-0.80559,-nan,4.30202e-05,4.82165e-05,-nan,-nan,3.76975e-15
418,1.03984e+06,0,-0.805654,-nan,4.29006e-05,4.79395e-05,-nan,-nan,3.77014e-15
419,1.03969e+06,0,-0.805718,-nan,4.27832e-05,4.7666e-05,-nan,-nan,3.77052e-15
420,1.03954e+06,0,-0.805781,-nan,4.26744e-05,4.73873e-05,-nan,-nan,3.7709e-15
421,1.03938e+06,0,-0.805843,-nan,4.25612e-05,4.71207e-05,-nan,-nan,3.77126e-15
422,1.03923e+06,0,-0.805905,-nan,4.2463e-05,4.68404e-05,-nan,-nan,3.77163e-15
423,1.03909e+06,0,-0.805966,-nan,4.23538e-05,4.65807e-05,-nan,-nan,3.77198e-15
424,1.03894e+06,0,-0.806026,-nan,4.22726e-05,4.62907e-05,-nan,-nan,3.77233e-15
425,1.0388e+06,0,-0.806085,-nan,4.21934e-05,4.60046e-05,-nan,-nan,3.77267e-15
426,1.03865e+06,0,-0.806144,-nan,4.21095e-05,4.57305e-05,-nan,-nan,3.77301e-15
427,1.03851e+06,0,-0.806202,-nan,4.19948e-05,4.55007e-05,-nan,-nan,3.77334e-15
428,1.03837e+06,0,-0.806259,-nan,4.19016e-05,4.52496e-05,-nan,-nan,3.77367e-15
429,1.03824e+06,0,-0.806315,-nan,4.18101e-05,4.50017e-05,-nan,-nan,3.77399e-15
430,1.0381e+06,0,-0.806371,-nan,4.17204e-05,4.47569e-05,-nan,-nan,3.7743e-15
431,1.03797e+06,0,-0.806426,-nan,4.16194e-05,4.45312e-05,-nan,-nan,3.77461e-15
432,1.03783e+06,0,-0.806481,-nan,4.15267e-05,4.43004e-05,-nan,-nan,3.77491e-15
433,1.0377e+06,0,-0.806535,-nan,4.13965e-05,4.41195e-05,-nan,-nan,3.7752e-15
434,1.03757e+06,0,-0.806588,-nan,4.12941e-05,4.39098e-05,-nan,-nan,3.77549e-15
435,1.03744e+06,0,-0.806641,-nan,4.11933e-05,4.37028e-05,-nan,-nan,3.77578e-15
436,1.03732e+06,0,-0.806693,-nan,4.10748e-05,4.35215e-05,-nan,-nan,3.77606e-15
437,1.03719e+06,0,-0.806744,-nan,4.09579e-05,4.33426e-05,-nan,-nan,3.77633e-15
438,1.03707e+06,0,-0.806795,-nan,4.08363e-05,4.31736e-05,-nan,-nan,3.7766e-15
439,1.03695e+06,0,-0.806845,-nan,4.07291e-05,4.29918e-05,-nan,-nan,3.77686e-15
440,1.03683e+06,0,-0.806895,-nan,4.06364e-05,4.27971e-05,-nan,-nan,3.77712e-15
441,1.03671e+06,0,-0.806944,-nan,4.05389e-05,4.26125e-05,-nan,-nan,3.77737e-15
442,1.03659e+06,0,-0.806992,-nan,4.043e-05,4.24452e-05,-nan,-nan,3.77762e-15
443,1.03647e+06,0,-0.80704,-nan,4.03354e-05,4.22652e-05,-nan,-nan,3.77786e-15
444,1.03636e+06,0,-0.807087,-nan,4.02168e-05,4.21171e-05,-nan,-nan,3.7781e-15
445,1.03624e+06,0,-0.807134,-nan,4.01124e-05,4.19562e-05,-nan,-nan,3.77833e-15
446,1.03613e+06,0,-0.80718,-nan,4.00096e-05,4.17975e-05,-nan,-nan,3.77856e-15
447,1.03602e+06,0,-0.807225,-nan,3.99145e-05,4.16336e-05,-nan,-nan,3.77879e-15
448,1.03591e+06,0,-0.80727,-nan,3.98018e-05,4.14936e-05,-nan,-nan,3.779e-15
449,1.0358e+06,0,-0.807315,-nan,3.97159e-05,4.13266e-05,-nan,-nan,3.77922e-15
450,1.0357e+06,0,-0.807359,-nan,3.96124e-05,4.11833e-05,-nan,-nan,3.77943e-15
451,1.03559e+06,0,-0.807402,-nan,3.95291e-05,4.10204e-05,-nan,-nan,3.77963e-15
452,1.03549e+06,0,-0.807445,-nan,3.94346e-05,4.08739e-05,-nan,-nan,3.77983e-15
453,1.03538e+06,0,-0.807488,-nan,3.93477e-05,4.07222e-05,-nan,-nan,3.78002e-15
454,1.03528e+06,0,-0.80753,-nan,3.92433e-05,4.05937e-05,-nan,-nan,3.78022e-15
455,1.03518e+06,0,-0.807571,-nan,3.91465e-05,4.046e-05,-nan,-nan,3.7804e-15
456,1.03508e+06,0,-0.807612,-nan,3.90448e-05,4.03351e-05,-nan,-nan,3.78058e-15
457,1.03498e+06,0,-0.807652,-nan,3.8963e-05,4.01909e-05,-nan,-nan,3.78076e-15
458,1.03489e+06,0,-0.807692,-nan,3.88824e-05,4.00485e-05,-nan,-nan,3.78093e-15
459,1.03479e+06,0,-0.807732,-nan,3.8803e-05,3.9908e-05,-nan,-nan,3.7811e-15
460,1.03469e+06,0,-0.807771,-nan,3.8731e-05,3.97623e-05,-nan,-nan,3.78127e-15
461,1.0346e+06,0,-0.807809,-nan,3.86477e-05,3.96323e-05,-nan,-nan,3.78143e-15
462,1.03451e+06,0,-0.807847,-nan,3.85841e-05,3.94834e-05,-nan,-nan,3.78159e-15
463,1.03442e+06,0,-0.807885,-nan,3.85094e-05,3.935e-05,-nan,-nan,3.78174e-15
464,1.03433e+06,0,-0.807922,-nan,3.84357e-05,3.92183e-05,-nan,-nan,3.78189e-15
465,1.03424e+06,0,-0.807959,-nan,3.83692e-05,3.90816e-05,-nan,-nan,3.78203e-15
466,1.03415e+06,0,-0.807995,-nan,3.82977e-05,3.89533e-05,-nan,-nan,3.78218e-15
467,1.03406e+06,0,-0.808031,-nan,3.82396e-05,3.88132e-05,-nan,-nan,3.78231e-15
468,1.03398e+06,0,-0.808066,-nan,3.8164e-05,3.8695e-05,-nan,-nan,3.78245e-15
469,1.03389e+06,0,-0.808101,-nan,3.80957e-05,3.85717e-05,-nan,-nan,3.78258e-15
470,1.03381e+06,0,-0.808136,-nan,3.80406e-05,3.84366e-05,-nan,-nan,3.7827e-15
471,1.03372e+06,0,-0.80817,-nan,3.79743e-05,3.83164e-05,-nan,-nan,3.78283e-15
472,1.03364e+06,0,-0.808204,-nan,3.79272e-05,3.8178e-05,-nan,-nan,3.78294e-15
473,1.03356e+06,0,-0.808237,-nan,3.7869e-05,3.80545e-05,-nan,-nan,3.78306e-15
474,1.03348e+06,0,-0.80827,-nan,3.78055e-05,3.7939e-05,-nan,-nan,3.78317e-15
475,1.0334e+06,0,-0.808303,-nan,3.77675e-05,3.77989e-05,-nan,-nan,3.78328e-15
476,1.03332e+06,0,-0.808335,-nan,3.76937e-05,3.76995e-05,-nan,-nan,3.78339e-15
477,1.03325e+06,0,-0.808367,-nan,3.76331e-05,3.75884e-05,-nan,-nan,3.78349e-15
478,1.03317e+06,0,-0.808398,-nan,3.75795e-05,3.74723e-05,-nan,-nan,3.78358e-15
479,1.03309e+06,0,-0.808429,-nan,3.75207e-05,3.73641e-05,-nan,-nan,3.78368e-15
480,1.03302e+06,0,-0.80846,-nan,3.74811e-05,3.72381e-05,-nan,-nan,3.78377e-15
481,1.03294e+06,0,-0.80849,-nan,3.74179e-05,3.71391e-05,-nan,-nan,3.78386e-15
482,1.03287e+06,0,-0.80852,-nan,3.73557e-05,3.70414e-05,-nan,-nan,3.78395e-15
483,1.0328e+06,0,-0.808549,-nan,3.73064e-05,3.69323e-05,-nan,-nan,3.78403e-15
484,1.03273e+06,0,-0.808579,-nan,3.7252e-05,3.68308e-05,-nan,-nan,3.78411e-15
485,1.03266e+06,0,-0.808608,-nan,3.72044e-05,3.67244e-05,-nan,-nan,3.78418e-15
486,1.03259e+06,0,-0.808636,-nan,3.71636e-05,3.6613e-05,-nan,-nan,3.78425e-15
487,1.03252e+06,0,-0.808664,-nan,3.71116e-05,3.65155e-05,-nan,-nan,3.78432e-15
488,1.03245e+06,0,-0.808692,-nan,3.70603e-05,3.64191e-05,-nan,-nan,3.78439e-15
489,1.03239e+06,0,-0.80872,-nan,3.70099e-05,3.6324e-05,-nan,-nan,3.78446e-15
490,1.03232e+06,0,-0.808747,-nan,3.69662e-05,3.6224e-05,-nan,-nan,3.78452e-15
491,1.03225e+06,0,-0.808774,-nan,3.68992e-05,3.61497e-05,-nan,-nan,3.78457e-15
492,1.03219e+06,0,-0.8088,-nan,3.6845e-05,3.60642e-05,-nan,-nan,3.78463e-15
493,1.03213e+06,0,-0.808827,-nan,3.67976e-05,3.59737e-05,-nan,-nan,3.78468e-15
494,1.03206e+06,0,-0.808853,-nan,3.67509e-05,3.58844e-05,-nan,-nan,3.78473e-15
495,1.032e+06,0,-0.808878,-nan,3.6699e-05,3.58023e-05,-nan,-nan,3.78478e-15
496,1.03194e+06,0,-0.808903,-nan,3.66538e-05,3.57151e-05,-nan,-nan,3.78482e-15
497,1.03188e+06,0,-0.808928,-nan,3.66092e-05,3.56291e-05,-nan,-nan,3.78486e-15
498,1.03182e+06,0,-0.808953,-nan,3.65594e-05,3.55502e-05,-nan,-nan,3.7849e-15
499,1.03176e+06,0,-0.808978,-nan,3.65103e-05,3.54723e-05,-nan,-nan,3.78494e-15
500,1.0317e+06,0,-0.809002,-nan,3.64738e-05,3.53834e-05,-nan,-nan,3.78497e-15
501,1.03164e+06,0,-0.809026,-nan,3.6432e-05,3.53015e-05,-nan,-nan,3.785e-15
502,1.03158e+06,0,-0.809049,-nan,3.63909e-05,3.52207e-05,-nan,-nan,3.78503e-15
503,1.03153e+06,0,-0.809072,-nan,3.63623e-05,3.5129e-05,-nan,-nan,3.78506e-15
504,1.03147e+06,0,-0.809095,-nan,3.63105e-05,3.5062e-05,-nan,-nan,3.78508e-15
505,1.03142e+06,0,-0.809118,-nan,3.62594e-05,3.49959e-05,-nan,-nan,3.7851e-15
506,1.03136e+06,0,-0.809141,-nan,3.62328e-05,3.49072e-05,-nan,-nan,3.78512e-15
507,1.03131e+06,0,-0.809163,-nan,3.62008e-05,3.48254e-05,-nan,-nan,3.78514e-15
508,1.03125e+06,0,-0.809185,-nan,3.61574e-05,3.47562e-05,-nan,-nan,3.78515e-15
509,1.0312e+06,0,-0.809206,-nan,3.61267e-05,3.46763e-05,-nan,-nan,3.78516e-15
510,1.03115e+06,0,-0.809228,-nan,3.60726e-05,3.46205e-05,-nan,-nan,3.78517e-15
511,1.0311e+06,0,-0.809249,-nan,3.6043e-05,3.45424e-05,-nan,-nan,3.78518e-15
512,1.03105e+06,0,-0.80927,-nan,3.60021e-05,3.44767e-05,-nan,-nan,3.78519e-15
513,1.031e+06,0,-0.80929,-nan,3.59795e-05,3.43945e-05,-nan,-nan,3.78519e-15
514,1.03095e+06,0,-0.809311,-nan,3.59338e-05,3.43363e-05,-nan,-nan,3.78519e-15
515,1.0309e+06,0,-0.809331,-nan,3.59243e-05,3.42445e-05,-nan,-nan,3.78519e-15
516,1.03085e+06,0,-0.809351,-nan,3.58796e-05,3.41879e-05,-nan,-nan,3.78518e-15
517,1.0308e+06,0,-0.80937,-nan,3.58474e-05,3.41207e-05,-nan,-nan,3.78518e-15
518,1.03076e+06,0,-0.80939,-nan,3.58158e-05,3.40543e-05,-nan,-nan,3.78517e-15
519,1.03071e+06,0,-0.809409,-nan,3.57787e-05,3.39943e-05,-nan,-nan,3.78516e-15
520,1.03066e+06,0,-0.809428,-nan,3.57481e-05,3.39295e-05,-nan,-nan,3.78515e-15
521,1.03062e+06,0,-0.809447,-nan,3.57061e-05,3.38767e-05,-nan,-nan,3.78513e-15
522,1.03057e+06,0,-0.809465,-nan,3.56824e-05,3.38078e-05,-nan,-nan,3.78512e-15
523,1.03053e+06,0,-0.809484,-nan,3.56474e-05,3.37508e-05,-nan,-nan,3.7851e-15
524,1.03048e+06,0,-0.809502,-nan,3.56247e-05,3.36834e-05,-nan,-nan,3.78508e-15
525,1.03044e+06,0,-0.80952,-nan,3.55907e-05,3.36279e-05,-nan,-nan,3.78506e-15
526,1.0304e+06,0,-0.809537,-nan,3.55512e-05,3.35787e-05,-nan,-nan,3.78503e-15
527,1.03035e+06,0,-0.809555,-nan,3.55359e-05,3.35078e-05,-nan,-nan,3.78501e-15
528,1.03031e+06,0,-0.809572,-nan,3.54974e-05,3.34599e-05,-nan,-nan,3.78498e-15
529,1.03027e+06,0,-0.809589,-nan,3.5483e-05,3.33905e-05,-nan,-nan,3.78495e-15
530,1.03023e+06,0,-0.809606,-nan,3.54454e-05,3.3344e-05,-nan,-nan,3.78492e-15
531,1.03019e+06,0,-0.809622,-nan,3.54261e-05,3.32815e-05,-nan,-nan,3.78489e-15
532,1.03015e+06,0,-0.809639,-nan,3.53775e-05,3.32473e-05,-nan,-nan,3.78485e-15
533,1.03011e+06,0,-0.809655,-nan,3.53709e-05,3.31751e-05,-nan,-nan,3.78481e-15
534,1.03007e+06,0,-0.809671,-nan,3.53292e-05,3.31366e-05,-nan,-nan,3.78478e-15
535,1.03003e+06,0,-0.809687,-nan,3.52938e-05,3.30931e-05,-nan,-nan,3.78474e-15
536,1.02999e+06,0,-0.809703,-nan,3.52766e-05,3.30339e-05,-nan,-nan,3.78469e-15
537,1.02996e+06,0,-0.809718,-nan,3.52421e-05,3.29916e-05,-nan,-nan,3.78465e-15
538,1.02992e+06,0,-0.809733,-nan,3.52317e-05,3.29281e-05,-nan,-nan,3.78461e-15
539,1.02988e+06,0,-0.809749,-nan,3.5198e-05,3.2887e-05,-nan,-nan,3.78456e-15
540,1.02985e+06,0,-0.809763,-nan,3.51706e-05,3.28411e-05,-nan,-nan,3.78451e-15
541,1.02981e+06,0,-0.809778,-nan,3.51496e-05,3.27902e-05,-nan,-nan,3.78446e-15
542,1.02978e+06,0,-0.809793,-nan,3.51171e-05,3.27508e-05,-nan,-nan,3.78441e-15
543,1.02974e+06,0,-0.809807,-nan,3.51027e-05,3.26957e-05,-nan,-nan,3.78436e-15
544,1.02971e+06,0,-0.809821,-nan,3.5071e-05,3.26573e-05,-nan,-nan,3.7843e-15
545,1.02967e+06,0,-0.809835,-nan,3.50456e-05,3.26141e-05,-nan,-nan,3.78425e-15
546,1.02964e+06,0,-0.809849,-nan,3.50147e-05,3.25768e-05,-nan,-nan,3.78419e-15
547,1.0296e+06,0,-0.809863,-nan,3.49783e-05,3.25453e-05,-nan,-nan,3.78413e-15
548,1.02957e+06,0,-0.809877,-nan,3.49599e-05,3.24983e-05,-nan,-nan,3.78407e-15
549,1.02954e+06,0,-0.80989,-nan,3.4936e-05,3.24571e-05,-nan,-nan,3.78401e-15
550,1.02951e+06,0,-0.809903,-nan,3.49125e-05,3.24164e-05,-nan,-nan,3.78394e-15
551,1.02947e+06,0,-0.809916,-nan,3.48834e-05,3.23815e-05,-nan,-nan,3.78388e-15
552,1.02944e+06,0,-0.809929,-nan,3.48605e-05,3.23417e-05,-nan,-nan,3.78381e-15
553,1.02941e+06,0,-0.809942,-nan,3.48322e-05,3.23078e-05,-nan,-nan,3.78375e-15
554,1.02938e+06,0,-0.809955,-nan,3.481e-05,3.2269e-05,-nan,-nan,3.78368e-15
555,1.02935e+06,0,-0.809967,-nan,3.47941e-05,3.22253e-05,-nan,-nan,3.78361e-15
556,1.02932e+06,0,-0.809979,-nan,3.47609e-05,3.2198e-05,-nan,-nan,3.78354e-15
557,1.02929e+06,0,-0.809992,-nan,3.47339e-05,3.21659e-05,-nan,-nan,3.78346e-15
558,1.02926e+06,0,-0.810004,-nan,3.4713e-05,3.21288e-05,-nan,-nan,3.78339e-15
559,1.02923e+06,0,-0.810016,-nan,3.46867e-05,3.20975e-05,-nan,-nan,3.78331e-15
560,1.0292e+06,0,-0.810027,-nan,3.46606e-05,3.20666e-05,-nan,-nan,3.78324e-15
561,1.02918e+06,0,-0.810039,-nan,3.46349e-05,3.20361e-05,-nan,-nan,3.78316e-15
562,1.02915e+06,0,-0.81005,-nan,3.46037e-05,3.20113e-05,-nan,-nan,3.78308e-15
563,1.02912e+06,0,-0.810062,-nan,3.45786e-05,3.19817e-05,-nan,-nan,3.783e-15
564,1.02909e+06,0,-0.810073,-nan,3.45538e-05,3.19524e-05,-nan,-nan,3.78292e-15
565,1.02907e+06,0,-0.810084,-nan,3.45352e-05,3.19182e-05,-nan,-nan,3.78284e-15
566,1.02904e+06,0,-0.810095,-nan,3.45052e-05,3.18949e-05,-nan,-nan,3.78275e-15
567,1.02901e+06,0,-0.810106,-nan,3.44813e-05,3.18668e-05,-nan,-nan,3.78267e-15
568,1.02899e+06,0,-0.810116,-nan,3.44461e-05,3.18495e-05,-nan,-nan,3.78258e-15
569,1.02896e+06,0,-0.810127,-nan,3.44228e-05,3.18221e-05,-nan,-nan,3.78249e-15
570,1.02894e+06,0,-0.810137,-nan,3.43998e-05,3.17951e-05,-nan,-nan,3.78241e-15
571,1.02891e+06,0,-0.810148,-nan,3.43771e-05,3.17684e-05,-nan,-nan,3.78232e-15
572,1.02889e+06,0,-0.810158,-nan,3.43547e-05,3.1742e-05,-nan,-nan,3.78223e-15
573,1.02886e+06,0,-0.810168,-nan,3.43325e-05,3.1716e-05,-nan,-nan,3.78213e-15
574,1.02884e+06,0,-0.810178,-nan,3.43106e-05,3.16904e-05,-nan,-nan,3.78204e-15
575,1.02881e+06,0,-0.810188,-nan,3.4289e-05,3.1665e-05,-nan,-nan,3.78195e-15
576,1.02879e+06,0,-0.810197,-nan,3.42676e-05,3.164e-05,-nan,-nan,3.78185e-15
577,1.02877e+06,0,-0.810207,-nan,3.42465e-05,3.16154e-05,-nan,-nan,3.78176e-15
578,1.02874e+06,0,-0.810216,-nan,3.42256e-05,3.15911e-05,-nan,-nan,3.78166e-15
579,1.02872e+06,0,-0.810226,-nan,3.42051e-05,3.1567e-05,-nan,-nan,3.78156e-15
580,1.0287e+06,0,-0.810235,-nan,3.41847e-05,3.15433e-05,-nan,-nan,3.78146e-15
581,1.02868e+06,0,-0.810244,-nan,3.41646e-05,3.15199e-05,-nan,-nan,3.78136e-15
582,1.02866e+06,0,-0.810253,-nan,3.41448e-05,3.14968e-05,-nan,-nan,3.78126e-15
583,1.02863e+06,0,-0.810262,-nan,3.41252e-05,3.14741e-05,-nan,-nan,3.78116e-15
584,1.02861e+06,0,-0.810271,-nan,3.41058e-05,3.14516e-05,-nan,-nan,3.78106e-15
585,1.02859e+06,0,-0.810279,-nan,3.40867e-05,3.14294e-05,-nan,-nan,3.78095e-15
586,1.02857e+06,0,-0.810288,-nan,3.40678e-05,3.14075e-05,-nan,-nan,3.78085e-15
587,1.02855e+06,0,-0.810297,-nan,3.40376e-05,3.13962e-05,-nan,-nan,3.78074e-15
588,1.02853e+06,0,-0.810305,-nan,3.40249e-05,3.13697e-05,-nan,-nan,3.78064e-15
589,1.02851e+06,0,-0.810313,-nan,3.4001e-05,3.13538e-05,-nan,-nan,3.78053e-15
590,1.02849e+06,0,-0.810321,-nan,3.3983e-05,3.1333e-05,-nan,-nan,3.78042e-15
591,1.02847e+06,0,-0.810329,-nan,3.39652e-05,3.13124e-05,-nan,-nan,3.78031e-15
592,1.02845e+06,0,-0.810337,-nan,3.39477e-05,3.12922e-05,-nan,-nan,3.7802e-15
593,1.02843e+06,0,-0.810345,-nan,3.39303e-05,3.12722e-05,-nan,-nan,3.78009e-15
594,1.02841e+06,0,-0.810353,-nan,3.39075e-05,3.12576e-05,-nan,-nan,3.77998e-15
595,1.02839e+06,0,-0.810361,-nan,3.38906e-05,3.12381e-05,-nan,-nan,3.77987e-15
596,1.02837e+06,0,-0.810369,-nan,3.38739e-05,3.12189e-05,-nan,-nan,3.77975e-15
597,1.02836e+06,0,-0.810376,-nan,3.38517e-05,3.1205e-05,-nan,-nan,3.77964e-15
598,1.02834e+06,0,-0.810384,-nan,3.38353e-05,3.11863e-05,-nan,-nan,3.77953e-15
599,1.02832e+06,0,-0.810391,-nan,3.38249e-05,3.11627e-05,-nan,-nan,3.77941e-15
600,1.0283e+06,0,-0.810398,-nan,3.3809e-05,3.11444e-05,-nan,-nan,3.77929e-15
601,1.02828e+06,0,-0.810405,-nan,3.37933e-05,3.11264e-05,-nan,-nan,3.77918e-15
602,1.02827e+06,0,-0.810412,-nan,3.37778e-05,3.11086e-05,-nan,-nan,3.77906e-15
603,1.02825e+06,0,-0.810419,-nan,3.37624e-05,3.1091e-05,-nan,-nan,3.77894e-15
604,1.02823e+06,0,-0.810426,-nan,3.37416e-05,3.10788e-05,-nan,-nan,3.77882e-15
605,1.02822e+06,0,-0.810433,-nan,3.37266e-05,3.10617e-05,-nan,-nan,3.7787e-15
606,1.0282e+06,0,-0.81044,-nan,3.37118e-05,3.10448e-05,-nan,-nan,3.77858e-15
607,1.02818e+06,0,-0.810447,-nan,3.36916e-05,3.10332e-05,-nan,-nan,3.77846e-15
608,1.02817e+06,0,-0.810453,-nan,3.36771e-05,3.10167e-05,-nan,-nan,3.77834e-15
609,1.02815e+06,0,-0.81046,-nan,3.36629e-05,3.10005e-05,-nan,-nan,3.77821e-15
610,1.02814e+06,0,-0.810466,-nan,3.36431e-05,3.09895e-05,-nan,-nan,3.77809e-15
611,1.02812e+06,0,-0.810473,-nan,3.36292e-05,3.09737e-05,-nan,-nan,3.77796e-15
612,1.02811e+06,0,-0.810479,-nan,3.36155e-05,3.09581e-05,-nan,-nan,3.77784e-15
613,1.02809e+06,0,-0.810485,-nan,3.36019e-05,3.09426e-05,-nan,-nan,3.77771e-15
614,1.02808e+06,0,-0.810491,-nan,3.35885e-05,3.09274e-05,-nan,-nan,3.77759e-15
615,1.02806e+06,0,-0.810497,-nan,3.35809e-05,3.09072e-05,-nan,-nan,3.77746e-15
616,1.02805e+06,0,-0.810503,-nan,3.35678e-05,3.08923e-05,-nan,-nan,3.77733e-15
617,1.02803e+06,0,-0.810509,-nan,3.35549e-05,3.08777e-05,-nan,-nan,3.7772e-15
618,1.02802e+06,0,-0.810515,-nan,3.35421e-05,3.08632e-05,-nan,-nan,3.77707e-15
619,1.028e+06,0,-0.810521,-nan,3.35295e-05,3.08489e-05,-nan,-nan,3.77695e-15
620,1.02799e+06,0,-0.810527,-nan,3.35171e-05,3.08348e-05,-nan,-nan,3.77681e-15
621,1.02798e+06,0,-0.810532,-nan,3.35047e-05,3.08208e-05,-nan,-nan,3.77668e-15
622,1.02796e+06,0,-0.810538,-nan,3.34926e-05,3.08071e-05,-nan,-nan,3.77655e-15
623,1.02795e+06,0,-0.810543,-nan,3.34806e-05,3.07935e-05,-nan,-nan,3.77642e-15
624,1.02794e+06,0,-0.810549,-nan,3.34687e-05,3.07801e-05,-nan,-nan,3.77629e-15
625,1.02792e+06,0,-0.810554,-nan,3.3457e-05,3.07668e-05,-nan,-nan,3.77615e-15
626,1.02791e+06,0,-0.810559,-nan,3.34454e-05,3.07538e-05,-nan,-nan,3.77602e-15
627,1.0279e+06,0,-0.810565,-nan,3.34339e-05,3.07408e-05,-nan,-nan,3.77589e-15
628,1.02788e+06,0,-0.81057,-nan,3.34226e-05,3.07281e-05,-nan,-nan,3.77575e-15
629,1.02787e+06,0,-0.810575,-nan,3.34115e-05,3.07155e-05,-nan,-nan,3.77562e-15
630,1.02786e+06,0,-0.81058,-nan,3.34004e-05,3.07031e-05,-nan,-nan,3.77548e-15
631,1.02785e+06,0,-0.810585,-nan,3.33895e-05,3.06908e-05,-nan,-nan,3.77534e-15
632,1.02784e+06,0,-0.81059,-nan,3.33787e-05,3.06787e-05,-nan,-nan,3.77521e-15
633,1.02782e+06,0,-0.810595,-nan,3.33681e-05,3.06668e-05,-nan,-nan,3.77507e-15
634,1.02781e+06,0,-0.8106,-nan,3.33576e-05,3.06549e-05,-nan,-nan,3.77493e-15
635,1.0278e+06,0,-0.810605,-nan,3.33416e-05,3.06483e-05,-nan,-nan,3.77479e-15
636,1.02779e+06,0,-0.810609,-nan,3.33313e-05,3.06368e-05,-nan,-nan,3.77465e-15
637,1.02778e+06,0,-0.810614,-nan,3.33212e-05,3.06255e-05,-nan,-nan,3.77451e-15
638,1.02777e+06,0,-0.810619,-nan,3.33112e-05,3.06142e-05,-nan,-nan,3.77437e-15
639,1.02776e+06,0,-0.810623,-nan,3.33013e-05,3.06031e-05,-nan,-nan,3.77423e-15
640,1.02774e+06,0,-0.810628,-nan,3.32859e-05,3.05973e-05,-nan,-nan,3.77409e-15
641,1.02773e+06,0,-0.810632,-nan,3.32707e-05,3.05915e-05,-nan,-nan,3.77395e-15
642,1.02772e+06,0,-0.810636,-nan,3.32612e-05,3.05808e-05,-nan,-nan,3.77381e-15
643,1.02771e+06,0,-0.810641,-nan,3.32517e-05,3.05703e-05,-nan,-nan,3.77367e-15
644,1.0277e+06,0,-0.810645,-nan,3.32424e-05,3.05599e-05,-nan,-nan,3.77352e-15
645,1.02769e+06,0,-0.810649,-nan,3.32388e-05,3.05445e-05,-nan,-nan,3.77338e-15
646,1.02768e+06,0,-0.810653,-nan,3.32298e-05,3.05344e-05,-nan,-nan,3.77324e-15
647,1.02767e+06,0,-0.810658,-nan,3.32208e-05,3.05244e-05,-nan,-nan,3.77309e-15
648,1.02766e+06,0,-0.810662,-nan,3.32119e-05,3.05145e-05,-nan,-nan,3.77295e-15
649,1.02765e+06,0,-0.810666,-nan,3.32032e-05,3.05047e-05,-nan,-nan,3.7728e-15
650,1.02764e+06,0,-0.81067,-nan,3.31945e-05,3.04951e-05,-nan,-nan,3.77266e-15
651,1.02763e+06,0,-0.810674,-nan,3.3186e-05,3.04855e-05,-nan,-nan,3.77251e-15
652,1.02762e+06,0,-0.810678,-nan,3.31775e-05,3.04761e-05,-nan,-nan,3.77237e-15
653,1.02761e+06,0,-0.810681,-nan,3.31692e-05,3.04668e-05,-nan,-nan,3.77222e-15
654,1.0276e+06,0,-0.810685,-nan,3.31609e-05,3.04577e-05,-nan,-nan,3.77207e-15
655,1.02759e+06,0,-0.810689,-nan,3.31528e-05,3.04486e-05,-nan,-nan,3.77192e-15
656,1.02759e+06,0,-0.810693,-nan,3.31503e-05,3.04346e-05,-nan,-nan,3.77178e-15
657,1.02758e+06,0,-0.810696,-nan,3.31424e-05,3.04258e-05,-nan,-nan,3.77163e-15
658,1.02757e+06,0,-0.8107,-nan,3.31345e-05,3.04171e-05,-nan,-nan,3.77148e-15
659,1.02756e+06,0,-0.810703,-nan,3.31268e-05,3.04084e-05,-nan,-nan,3.77133e-15
660,1.02755e+06,0,-0.810707,-nan,3.31191e-05,3.03999e-05,-nan,-nan,3.77118e-15
661,1.02754e+06,0,-0.810711,-nan,3.31115e-05,3.03915e-05,-nan,-nan,3.77103e-15
662,1.02753e+06,0,-0.810714,-nan,3.3104e-05,3.03832e-05,-nan,-nan,3.77088e-15
663,1.02753e+06,0,-0.810717,-nan,3.30966e-05,3.0375e-05,-nan,-nan,3.77073e-15
664,1.02752e+06,0,-0.810721,-nan,3.30893e-05,3.0367e-05,-nan,-nan,3.77058e-15
665,1.02751e+06,0,-0.810724,-nan,3.30877e-05,3.03539e-05,-nan,-nan,3.77043e-15
666,1.0275e+06,0,-0.810727,-nan,3.30806e-05,3.03461e-05,-nan,-nan,3.77028e-15
667,1.02749e+06,0,-0.810731,-nan,3.30735e-05,3.03383e-05,-nan,-nan,3.77012e-15
668,1.02749e+06,0,-0.810734,-nan,3.30666e-05,3.03306e-05,-nan,-nan,3.76997e-15
669,1.02748e+06,0,-0.810737,-nan,3.30597e-05,3.0323e-05,-nan,-nan,3.76982e-15
670,1.02747e+06,0,-0.81074,-nan,3.30473e-05,3.03205e-05,-nan,-nan,3.76967e-15
671,1.02746e+06,0,-0.810743,-nan,3.30406e-05,3.03131e-05,-nan,-nan,3.76951e-15
672,1.02746e+06,0,-0.810746,-nan,3.3034e-05,3.03057e-05,-nan,-nan,3.76936e-15
673,1.02745e+06,0,-0.810749,-nan,3.30274e-05,3.02985e-05,-nan,-nan,3.76921e-15
674,1.02744e+06,0,-0.810752,-nan,3.3021e-05,3.02914e-05,-nan,-nan,3.76905e-15
675,1.02743e+06,0,-0.810755,-nan,3.30146e-05,3.02843e-05,-nan,-nan,3.7689e-15
676,1.02743e+06,0,-0.810758,-nan,3.30027e-05,3.02823e-05,-nan,-nan,3.76874e-15
677,1.02742e+06,0,-0.810761,-nan,3.29965e-05,3.02755e-05,-nan,-nan,3.76859e-15
678,1.02741e+06,0,-0.810764,-nan,3.29903e-05,3.02687e-05,-nan,-nan,3.76843e-15
679,1.02741e+06,0,-0.810767,-nan,3.29842e-05,3.02619e-05,-nan,-nan,3.76828e-15
680,1.0274e+06,0,-0.81077,-nan,3.29782e-05,3.02553e-05,-nan,-nan,3.76812e-15
681,1.02739e+06,0,-0.810772,-nan,3.29667e-05,3.02538e-05,-nan,-nan,3.76796e-15
682,1.02739e+06,0,-0.810775,-nan,3.29608e-05,3.02473e-05,-nan,-nan,3.76781e-15
683,1.02738e+06,0,-0.810778,-nan,3.2955e-05,3.02409e-05,-nan,-nan,3.76765e-15
684,1.02737e+06,0,-0.81078,-nan,3.29493e-05,3.02346e-05,-nan,-nan,3.76749e-15
685,1.02737e+06,0,-0.810783,-nan,3.29436e-05,3.02284e-05,-nan,-nan,3.76734e-15
686,1.02736e+06,0,-0.810786,-nan,3.2938e-05,3.02222e-05,-nan,-nan,3.76718e-15
687,1.02735e+06,0,-0.810788,-nan,3.29325e-05,3.02161e-05,-nan,-nan,3.76702e-15
688,1.02735e+06,0,-0.810791,-nan,3.29271e-05,3.02101e-05,-nan,-nan,3.76686e-15
689,1.02734e+06,0,-0.810793,-nan,3.29217e-05,3.02042e-05,-nan,-nan,3.7667e-15
690,1.02734e+06,0,-0.810796,-nan,3.29163e-05,3.01983e-05,-nan,-nan,3.76654e-15
691,1.02733e+06,0,-0.810798,-nan,3.29166e-05,3.01876e-05,-nan,-nan,3.76639e-15
692,1.02732e+06,0,-0.8108,-nan,3.29114e-05,3.01819e-05,-nan,-nan,3.76623e-15
693,1.02732e+06,0,-0.810803,-nan,3.29063e-05,3.01762e-05,-nan,-nan,3.76607e-15
694,1.02731e+06,0,-0.810805,-nan,3.29012e-05,3.01706e-05,-nan,-nan,3.76591e-15
695,1.02731e+06,0,-0.810808,-nan,3.28962e-05,3.01651e-05,-nan,-nan,3.76575e-15
696,1.0273e+06,0,-0.81081,-nan,3.28912e-05,3.01597e-05,-nan,-nan,3.76559e-15
697,1.0273e+06,0,-0.810812,-nan,3.28863e-05,3.01543e-05,-nan,-nan,3.76543e-15
698,1.02729e+06,0,-0.810814,-nan,3.28815e-05,3.0149e-05,-nan,-nan,3.76527e-15
699,1.02728e+06,0,-0.810817,-nan,3.28767e-05,3.01438e-05,-nan,-nan,3.7651e-15
700,1.02728e+06,0,-0.810819,-nan,3.28719e-05,3.01386e-05,-nan,-nan,3.76494e-15
701,1.02727e+06,0,-0.810821,-nan,3.28673e-05,3.01335e-05,-nan,-nan,3.76478e-15
702,1.02727e+06,0,-0.810823,-nan,3.28627e-05,3.01285e-05,-nan,-nan,3.76462e-15
703,1.02726e+06,0,-0.810825,-nan,3.28581e-05,3.01235e-05,-nan,-nan,3.76446e-15
704,1.02726e+06,0,-0.810827,-nan,3.28536e-05,3.01185e-05,-nan,-nan,3.7643e-15
705,1.02725e+06,0,-0.810829,-nan,3.28492e-05,3.01137e-05,-nan,-nan,3.76413e-15
706,1.02725e+06,0,-0.810831,-nan,3.28448e-05,3.01089e-05,-nan,-nan,3.76397e-15
707,1.02724e+06,0,-0.810833,-nan,3.28404e-05,3.01041e-05,-nan,-nan,3.76381e-15
708,1.02724e+06,0,-0.810835,-nan,3.28361e-05,3.00994e-05,-nan,-nan,3.76365e-15
709,1.02723e+06,0,-0.810837,-nan,3.28319e-05,3.00948e-05,-nan,-nan,3.76348e-15
710,1.02723e+06,0,-0.810839,-nan,3.28277e-05,3.00902e-05,-nan,-nan,3.76332e-15
711,1.02722e+06,0,-0.810841,-nan,3.28236e-05,3.00857e-05,-nan,-nan,3.76316e-15
712,1.02722e+06,0,-0.810843,-nan,3.2825e-05,3.00763e-05,-nan,-nan,3.76299e-15
713,1.02722e+06,0,-0.810845,-nan,3.2821e-05,3.00719e-05,-nan,-nan,3.76283e-15
714,1.02721e+06,0,-0.810847,-nan,3.2817e-05,3.00675e-05,-nan,-nan,3.76266e-15
715,1.02721e+06,0,-0.810849,-nan,3.2813e-05,3.00632e-05,-nan,-nan,3.7625e-15
716,1.0272e+06,0,-0.81085,-nan,3.28091e-05,3.0059e-05,-nan,-nan,3.76233e-15
717,1.0272e+06,0,-0.810852,-nan,3.27998e-05,3.00597e-05,-nan,-nan,3.76217e-15
718,1.02719e+06,0,-0.810854,-nan,3.2796e-05,3.00556e-05,-nan,-nan,3.76201e-15
719,1.02719e+06,0,-0.810856,-nan,3.27922e-05,3.00515e-05,-nan,-nan,3.76184e-15
720,1.02718e+06,0,-0.810857,-nan,3.27885e-05,3.00474e-05,-nan,-nan,3.76168e-15
721,1.02718e+06,0,-0.810859,-nan,3.27848e-05,3.00435e-05,-nan,-nan,3.76151e-15
722,1.02718e+06,0,-0.810861,-nan,3.27812e-05,3.00395e-05,-nan,-nan,3.76134e-15
723,1.02717e+06,0,-0.810862,-nan,3.27776e-05,3.00356e-05,-nan,-nan,3.76118e-15
724,1.02717e+06,0,-0.810864,-nan,3.27741e-05,3.00318e-05,-nan,-nan,3.76101e-15
725,1.02716e+06,0,-0.810866,-nan,3.27706e-05,3.00279e-05,-nan,-nan,3.76085e-15
726,1.02716e+06,0,-0.810867,-nan,3.27671e-05,3.00242e-05,-nan,-nan,3.76068e-15
727,1.02716e+06,0,-0.810869,-nan,3.27637e-05,3.00205e-05,-nan,-nan,3.76051e-15
728,1.02715e+06,0,-0.81087,-nan,3.27604e-05,3.00168e-05,-nan,-nan,3.76035e-15
729,1.02715e+06,0,-0.810872,-nan,3.2757e-05,3.00132e-05,-nan,-nan,3.76018e-15
730,1.02715e+06,0,-0.810874,-nan,3.27592e-05,3.00047e-05,-nan,-nan,3.76001e-15
731,1.02714e+06,0,-0.810875,-nan,3.2756e-05,3.00011e-05,-nan,-nan,3.75985e-15
732,1.02714e+06,0,-0.810877,-nan,3.27528e-05,2.99976e-05,-nan,-nan,3.75968e-15
733,1.02713e+06,0,-0.810878,-nan,3.27496e-05,2.99942e-05,-nan,-nan,3.75951e-15
734,1.02713e+06,0,-0.810879,-nan,3.2741e-05,2.99957e-05,-nan,-nan,3.75934e-15
735,1.02713e+06,0,-0.810881,-nan,3.27379e-05,2.99924e-05,-nan,-nan,3.75918e-15
736,1.02712e+06,0,-0.810882,-nan,3.27348e-05,2.9989e-05,-nan,-nan,3.75901e-15
737,1.02712e+06,0,-0.810884,-nan,3.27318e-05,2.99857e-05,-nan,-nan,3.75884e-15
738,1.02712e+06,0,-0.810885,-nan,3.27288e-05,2.99825e-05,-nan,-nan,3.75867e-15
739,1.02711e+06,0,-0.810886,-nan,3.27258e-05,2.99793e-05,-nan,-nan,3.7585e-15
740,1.02711e+06,0,-0.810888,-nan,3.27229e-05,2.99761e-05,-nan,-nan,3.75834e-15
741,1.02711e+06,0,-0.810889,-nan,3.272e-05,2.9973e-05,-nan,-nan,3.75817e-15
742,1.0271e+06,0,-0.81089,-nan,3.27172e-05,2.99699e-05,-nan,-nan,3.758e-15
743,1.0271e+06,0,-0.810892,-nan,3.27144e-05,2.99669e-05,-nan,-nan,3.75783e-15
744,1.0271e+06,0,-0.810893,-nan,3.27116e-05,2.99638e-05,-nan,-nan,3.75766e-15
745,1.0271e+06,0,-0.810894,-nan,3.27089e-05,2.99609e-05,-nan,-nan,3.75749e-15
746,1.02709e+06,0,-0.810896,-nan,3.27006e-05,2.99629e-05,-nan,-nan,3.75732e-15
747,1.02709e+06,0,-0.810897,-nan,3.2698e-05,2.996e-05,-nan,-nan,3.75715e-15
748,1.02709e+06,0,-0.810898,-nan,3.26953e-05,2.99571e-05,-nan,-nan,3.75698e-15
749,1.02708e+06,0,-0.810899,-nan,3.26927e-05,2.99543e-05,-nan,-nan,3.75682e-15
750,1.02708e+06,0,-0.810901,-nan,3.26901e-05,2.99515e-05,-nan,-nan,3.75665e-15
751,1.02708e+06,0,-0.810902,-nan,3.26876e-05,2.99487e-05,-nan,-nan,3.75648e-15
752,1.02707e+06,0,-0.810903,-nan,3.2685e-05,2.99459e-05,-nan,-nan,3.75631e-15
753,1.02707e+06,0,-0.810904,-nan,3.26825e-05,2.99432e-05,-nan,-nan,3.75614e-15
754,1.02707e+06,0,-0.810905,-nan,3.26801e-05,2.99406e-05,-nan,-nan,3.75597e-15
755,1.02707e+06,0,-0.810906,-nan,3.26776e-05,2.99379e-05,-nan,-nan,3.7558e-15
756,1.02706e+06,0,-0.810907,-nan,3.26752e-05,2.99353e-05,-nan,-nan,3.75563e-15
757,1.02706e+06,0,-0.810909,-nan,3.26729e-05,2.99328e-05,-nan,-nan,3.75546e-15
758,1.02706e+06,0,-0.81091,-nan,3.2665e-05,2.99352e-05,-nan,-nan,3.75528e-15
759,1.02706e+06,0,-0.810911,-nan,3.26627e-05,2.99327e-05,-nan,-nan,3.75511e-15
760,1.02705e+06,0,-0.810912,-nan,3.26604e-05,2.99302e-05,-nan,-nan,3.75494e-15
761,1.02705e+06,0,-0.810913,-nan,3.26581e-05,2.99277e-05,-nan,-nan,3.75477e-15
762,1.02705e+06,0,-0.810914,-nan,3.26559e-05,2.99253e-05,-nan,-nan,3.7546e-15
763,1.02705e+06,0,-0.810915,-nan,3.26537e-05,2.99229e-05,-nan,-nan,3.75443e-15
764,1.02704e+06,0,-0.810916,-nan,3.26515e-05,2.99205e-05,-nan,-nan,3.75426e-15
765,1.02704e+06,0,-0.810917,-nan,3.26494e-05,2.99182e-05,-nan,-nan,3.75409e-15
766,1.02704e+06,0,-0.810918,-nan,3.26472e-05,2.99159e-05,-nan,-nan,3.75392e-15
767,1.02704e+06,0,-0.810919,-nan,3.26451e-05,2.99136e-05,-nan,-nan,3.75374e-15
768,1.02703e+06,0,-0.81092,-nan,3.26485e-05,2.99064e-05,-nan,-nan,3.75357e-15
769,1.02703e+06,0,-0.810921,-nan,3.26465e-05,2.99042e-05,-nan,-nan,3.7534e-15
770,1.02703e+06,0,-0.810922,-nan,3.26444e-05,2.9902e-05,-nan,-nan,3.75323e-15
771,1.02703e+06,0,-0.810923,-nan,3.26424e-05,2.98998e-05,-nan,-nan,3.75306e-15
772,1.02702e+06,0,-0.810924,-nan,3.26404e-05,2.98977e-05,-nan,-nan,3.75289e-15
773,1.02702e+06,0,-0.810925,-nan,3.26385e-05,2.98956e-05,-nan,-nan,3.75271e-15
774,1.02702e+06,0,-0.810925,-nan,3.26365e-05,2.98935e-05,-nan,-nan,3.75254e-15
775,1.02702e+06,0,-0.810926,-nan,3.26346e-05,2.98914e-05,-nan,-nan,3.75237e-15
776,1.02702e+06,0,-0.810927,-nan,3.26327e-05,2.98894e-05,-nan,-nan,3.7522e-15
777,1.02701e+06,0,-0.810928,-nan,3.26309e-05,2.98873e-05,-nan,-nan,3.75202e-15
778,1.02701e+06,0,-0.810929,-nan,3.2629e-05,2.98854e-05,-nan,-nan,3.75185e-15
779,1.02701e+06,0,-0.81093,-nan,3.26272e-05,2.98834e-05,-nan,-nan,3.75168e-15
780,1.02701e+06,0,-0.810931,-nan,3.26254e-05,2.98814e-05,-nan,-nan,3.75151e-15
781,1.027e+06,0,-0.810931,-nan,3.26236e-05,2.98795e-05,-nan,-nan,3.75133e-15
782,1.027e+06,0,-0.810932,-nan,3.26219e-05,2.98776e-05,-nan,-nan,3.75116e-15
783,1.027e+06,0,-0.810933,-nan,3.26201e-05,2.98757e-05,-nan,-nan,3.75099e-15
784,1.027e+06,0,-0.810934,-nan,3.26184e-05,2.98739e-05,-nan,-nan,3.75082e-15
785,1.027e+06,0,-0.810935,-nan,3.26167e-05,2.98721e-05,-nan,-nan,3.75064e-15
786,1.027e+06,0,-0.810935,-nan,3.2615e-05,2.98702e-05,-nan,-nan,3.75047e-15
787,1.02699e+06,0,-0.810936,-nan,3.26134e-05,2.98685e-05,-nan,-nan,3.7503e-15
788,1.02699e+06,0,-0.810937,-nan,3.26117e-05,2.98667e-05,-nan,-nan,3.75012e-15
789,1.02699e+06,0,-0.810938,-nan,3.26101e-05,2.98649e-05,-nan,-nan,3.74995e-15
790,1.02699e+06,0,-0.810938,-nan,3.26085e-05,2.98632e-05,-nan,-nan,3.74978e-15
791,1.02699e+06,0,-0.810939,-nan,3.26069e-05,2.98615e-05,-nan,-nan,3.7496e-15
792,1.02698e+06,0,-0.81094,-nan,3.26054e-05,2.98598e-05,-nan,-nan,3.74943e-15
793,1.02698e+06,0,-0.810941,-nan,3.26038e-05,2.98582e-05,-nan,-nan,3.74926e-15
794,1.02698e+06,0,-0.810941,-nan,3.26023e-05,2.98565e-05,-nan,-nan,3.74908e-15
795,1.02698e+06,0,-0.810942,-nan,3.26008e-05,2.98549e-05,-nan,-nan,3.74891e-15
796,1.02698e+06,0,-0.810943,-nan,3.25993e-05,2.98533e-05,-nan,-nan,3.74873e-15
797,1.02698e+06,0,-0.810943,-nan,3.25979e-05,2.98517e-05,-nan,-nan,3.74856e-15
798,1.02697e+06,0,-0.810944,-nan,3.25964e-05,2.98502e-05,-nan,-nan,3.74839e-15
799,1.02697e+06,0,-0.810945,-nan,3.2595e-05,2.98486e-05,-nan,-nan,3.74821e-15
800,1.02697e+06,0,-0.810945,-nan,3.25936e-05,2.98471e-05,-nan,-nan,3.74804e-15
801,1.02697e+06,0,-0.810946,-nan,3.25922e-05,2.98456e-05,-nan,-nan,3.74786e-15
802,1.02697e+06,0,-0.810947,-nan,3.25908e-05,2.98441e-05,-nan,-nan,3.74769e-15
803,1.02697e+06,0,-0.810947,-nan,3.25894e-05,2.98426e-05,-nan,-nan,3.74752e-15
804,1.02696e+06,0,-0.810948,-nan,3.25881e-05,2.98412e-05,-nan,-nan,3.74734e-15
805,1.02696e+06,0,-0.810949,-nan,3.25867e-05,2.98397e-05,-nan,-nan,3.74717e-15
806,1.02696e+06,0,-0.810949,-nan,3.25909e-05,2.98334e-05,-nan,-nan,3.74699e-15
807,1.02696e+06,0,-0.81095,-nan,3.25896e-05,2.9832e-05,-nan,-nan,3.74682e-15
808,1.02696e+06,0,-0.81095,-nan,3.25883e-05,2.98306e-05,-nan,-nan,3.74664e-15
809,1.02696e+06,0,-0.810951,-nan,3.2587e-05,2.98292e-05,-nan,-nan,3.74647e-15
810,1.02696e+06,0,-0.810952,-nan,3.25858e-05,2.98279e-05,-nan,-nan,3.7463e-15
811,1.02695e+06,0,-0.810952,-nan,3.25845e-05,2.98265e-05,-nan,-nan,3.74612e-15
812,1.02695e+06,0,-0.810953,-nan,3.25833e-05,2.98252e-05,-nan,-nan,3.74595e-15
813,1.02695e+06,0,-0.810953,-nan,3.25821e-05,2.98239e-05,-nan,-nan,3.74577e-15
814,1.02695e+06,0,-0.810954,-nan,3.25809e-05,2.98226e-05,-nan,-nan,3.7456e-15
815,1.02695e+06,0,-0.810954,-nan,3.25797e-05,2.98213e-05,-nan,-nan,3.74542e-15
816,1.02695e+06,0,-0.810955,-nan,3.25785e-05,2.98201e-05,-nan,-nan,3.74525e-15
817,1.02695e+06,0,-0.810955,-nan,3.25774e-05,2.98188e-05,-nan,-nan,3.74507e-15
818,1.02695e+06,0,-0.810956,-nan,3.25762e-05,2.98176e-05,-nan,-nan,3.7449e-15
819,1.02694e+06,0,-0.810957,-nan,3.25751e-05,2.98164e-05,-nan,-nan,3.74472e-15
820,1.02694e+06,0,-0.810957,-nan,3.2574e-05,2.98152e-05,-nan,-nan,3.74455e-15
821,1.02694e+06,0,-0.810958,-nan,3.25729e-05,2.9814e-05,-nan,-nan,3.74437e-15
822,1.02694e+06,0,-0.810958,-nan,3.25718e-05,2.98128e-05,-nan,-nan,3.7442e-15
823,1.02694e+06,0,-0.810959,-nan,3.25707e-05,2.98117e-05,-nan,-nan,3.74402e-15
824,1.02694e+06,0,-0.810959,-nan,3.25697e-05,2.98105e-05,-nan,-nan,3.74385e-15
825,1.02694e+06,0,-0.81096,-nan,3.25686e-05,2.98094e-05,-nan,-nan,3.74367e-15
826,1.02694e+06,0,-0.81096,-nan,3.25676e-05,2.98083e-05,-nan,-nan,3.74349e-15
827,1.02693e+06,0,-0.810961,-nan,3.25666e-05,2.98072e-05,-nan,-nan,3.74332e-15
828,1.02693e+06,0,-0.810961,-nan,3.2571e-05,2.98012e-05,-nan,-nan,3.74314e-15
829,1.02693e+06,0,-0.810961,-nan,3.257e-05,2.98001e-05,-nan,-nan,3.74297e-15
830,1.02693e+06,0,-0.810962,-nan,3.2569e-05,2.97991e-05,-nan,-nan,3.74279e-15
831,1.02693e+06,0,-0.810962,-nan,3.25681e-05,2.9798e-05,-nan,-nan,3.74262e-15
832,1.02693e+06,0,-0.810963,-nan,3.25671e-05,2.9797e-05,-nan,-nan,3.74244e-15
833,1.02693e+06,0,-0.810963,-nan,3.25607e-05,2.98009e-05,-nan,-nan,3.74227e-15
834,1.02693e+06,0,-0.810964,-nan,3.25597e-05,2.97999e-05,-nan,-nan,3.74209e-15
835,1.02693e+06,0,-0.810964,-nan,3.25588e-05,2.97989e-05,-nan,-nan,3.74191e-15
836,1.02692e+06,0,-0.810965,-nan,3.25579e-05,2.97979e-05,-nan,-nan,3.74174e-15
837,1.02692e+06,0,-0.810965,-nan,3.2557e-05,2.97969e-05,-nan,-nan,3.74156e-15
838,1.02692e+06,0,-0.810965,-nan,3.25561e-05,2.97959e-05,-nan,-nan,3.74139e-15
839,1.02692e+06,0,-0.810966,-nan,3.25552e-05,2.9795e-05,-nan,-nan,3.74121e-15
840,1.02692e+06,0,-0.810966,-nan,3.25543e-05,2.9794e-05,-nan,-nan,3.74103e-15
841,1.02692e+06,0,-0.810967,-nan,3.25534e-05,2.97931e-05,-nan,-nan,3.74086e-15
842,1.02692e+06,0,-0.810967,-nan,3.25526e-05,2.97922e-05,-nan,-nan,3.74068e-15
843,1.02692e+06,0,-0.810967,-nan,3.25517e-05,2.97913e-05,-nan,-nan,3.74051e-15
844,1.02692e+06,0,-0.810968,-nan,3.25509e-05,2.97904e-05,-nan,-nan,3.74033e-15
845,1.02692e+06,0,-0.810968,-nan,3.25501e-05,2.97895e-05,-nan,-nan,3.74015e-15
846,1.02691e+06,0,-0.810969,-nan,3.25493e-05,2.97886e-05,-nan,-nan,3.73998e-15
847,1.02691e+06,0,-0.810969,-nan,3.25485e-05,2.97878e-05,-nan,-nan,3.7398e-15
848,1.02691e+06,0,-0.810969,-nan,3.25477e-05,2.97869e-05,-nan,-nan,3.73963e-15
849,1.02691e+06,0,-0.81097,-nan,3.25469e-05,2.97861e-05,-nan,-nan,3.73945e-15
850,1.02691e+06,0,-0.81097,-nan,3.25461e-05,2.97852e-05,-nan,-nan,3.73927e-15
851,1.02691e+06,0,-0.81097,-nan,3.25453e-05,2.97844e-05,-nan,-nan,3.7391e-15
852,1.02691e+06,0,-0.810971,-nan,3.25446e-05,2.97836e-05,-nan,-nan,3.73892e-15
853,1.02691e+06,0,-0.810971,-nan,3.25438e-05,2.97828e-05,-nan,-nan,3.73874e-15
854,1.02691e+06,0,-0.810971,-nan,3.25431e-05,2.9782e-05,-nan,-nan,3.73857e-15
855,1.02691e+06,0,-0.810972,-nan,3.25423e-05,2.97812e-05,-nan,-nan,3.73839e-15
856,1.02691e+06,0,-0.810972,-nan,3.25416e-05,2.97804e-05,-nan,-nan,3.73821e-15
857,1.02691e+06,0,-0.810972,-nan,3.25409e-05,2.97797e-05,-nan,-nan,3.73804e-15
858,1.0269e+06,0,-0.810973,-nan,3.25402e-05,2.97789e-05,-nan,-nan,3.73786e-15
859,1.0269e+06,0,-0.810973,-nan,3.25395e-05,2.97781e-05,-nan,-nan,3.73768e-15
860,1.0269e+06,0,-0.810973,-nan,3.25388e-05,2.97774e-05,-nan,-nan,3.73751e-15
861,1.0269e+06,0,-0.810974,-nan,3.25381e-05,2.97767e-05,-nan,-nan,3.73733e-15
862,1.0269e+06,0,-0.810974,-nan,3.25375e-05,2.9776e-05,-nan,-nan,3.73716e-15
863,1.0269e+06,0,-0.810974,-nan,3.25368e-05,2.97752e-05,-nan,-nan,3.73698e-15
864,1.0269e+06,0,-0.810975,-nan,3.25361e-05,2.97745e-05,-nan,-nan,3.7368e-15
865,1.0269e+06,0,-0.810975,-nan,3.25355e-05,2.97738e-05,-nan,-nan,3.73663e-15
866,1.0269e+06,0,-0.810975,-nan,3.25349e-05,2.97732e-05,-nan,-nan,3.73645e-15
867,1.0269e+06,0,-0.810976,-nan,3.25342e-05,2.97725e-05,-nan,-nan,3.73627e-15
868,1.0269e+06,0,-0.810976,-nan,3.25336e-05,2.97718e-05,-nan,-nan,3.7361e-15
869,1.0269e+06,0,-0.810976,-nan,3.2533e-05,2.97711e-05,-nan,-nan,3.73592e-15
870,1.0269e+06,0,-0.810976,-nan,3.25324e-05,2.97705e-05,-nan,-nan,3.73574e-15
871,1.02689e+06,0,-0.810977,-nan,3.25318e-05,2.97698e-05,-nan,-nan,3.73556e-15
872,1.02689e+06,0,-0.810977,-nan,3.25312e-05,2.97692e-05,-nan,-nan,3.73539e-15
873,1.02689e+06,0,-0.810977,-nan,3.25306e-05,2.97686e-05,-nan,-nan,3.73521e-15
874,1.02689e+06,0,-0.810978,-nan,3.253e-05,2.97679e-05,-nan,-nan,3.73503e-15
875,1.02689e+06,0,-0.810978,-nan,3.25294e-05,2.97673e-05,-nan,-nan,3.73486e-15
876,1.02689e+06,0,-0.810978,-nan,3.25288e-05,2.97667e-05,-nan,-nan,3.73468e-15
877,1.02689e+06,0,-0.810978,-nan,3.25283e-05,2.97661e-05,-nan,-nan,3.7345e-15
878,1.02689e+06,0,-0.810979,-nan,3.25277e-05,2.97655e-05,-nan,-nan,3.73433e-15
879,1.02689e+06,0,-0.810979,-nan,3.25272e-05,2.97649e-05,-nan,-nan,3.73415e-15
880,1.02689e+06,0,-0.810979,-nan,3.25266e-05,2.97643e-05,-nan,-nan,3.73397e-15
881,1.02689e+06,0,-0.810979,-nan,3.25261e-05,2.97638e-05,-nan,-nan,3.7338e-15
882,1.02689e+06,0,-0.81098,-nan,3.25256e-05,2.97632e-05,-nan,-nan,3.73362e-15
883,1.02689e+06,0,-0.81098,-nan,3.25251e-05,2.97626e-05,-nan,-nan,3.73344e-15
884,1.02689e+06,0,-0.81098,-nan,3.25245e-05,2.97621e-05,-nan,-nan,3.73326e-15
885,1.02689e+06,0,-0.81098,-nan,3.2524e-05,2.97615e-05,-nan,-nan,3.73309e-15
886,1.02689e+06,0,-0.810981,-nan,3.25235e-05,2.9761e-05,-nan,-nan,3.73291e-15
887,1.02688e+06,0,-0.810981,-nan,3.2523e-05,2.97605e-05,-nan,-nan,3.73273e-15
888,1.02688e+06,0,-0.810981,-nan,3.25225e-05,2.97599e-05,-nan,-nan,3.73256e-15
889,1.02688e+06,0,-0.810981,-nan,3.2522e-05,2.97594e-05,-nan,-nan,3.73238e-15
890,1.02688e+06,0,-0.810981,-nan,3.25216e-05,2.97589e-05,-nan,-nan,3.7322e-15
891,1.02688e+06,0,-0.810982,-nan,3.25211e-05,2.97584e-05,-nan,-nan,3.73202e-15
892,1.02688e+06,0,-0.810982,-nan,3.25206e-05,2.97579e-05,-nan,-nan,3.73185e-15
893,1.02688e+06,0,-0.810982,-nan,3.25202e-05,2.97574e-05,-nan,-nan,3.73167e-15
894,1.02688e+06,0,-0.810982,-nan,3.25197e-05,2.97569e-05,-nan,-nan,3.73149e-15
895,1.02688e+06,0,-0.810983,-nan,3.25192e-05,2.97564e-05,-nan,-nan,3.73132e-15
896,1.02688e+06,0,-0.810983,-nan,3.25188e-05,2.97559e-05,-nan,-nan,3.73114e-15
897,1.02688e+06,0,-0.810983,-nan,3.25184e-05,2.97555e-05,-nan,-nan,3.73096e-15
898,1.02688e+06,0,-0.810983,-nan,3.25179e-05,2.9755e-05,-nan,-nan,3.73078e-15
899,1.02688e+06,0,-0.810983,-nan,3.25175e-05,2.97545e-05,-nan,-nan,3.73061e-15
900,1.02688e+06,0,-0.810984,-nan,3.25171e-05,2.97541e-05,-nan,-nan,3.73043e-15
901,1.02688e+06,0,-0.810984,-nan,3.25166e-05,2.97536e-05,-nan,-nan,3.73025e-15
902,1.02688e+06,0,-0.810984,-nan,3.25162e-05,2.97532e-05,-nan,-nan,3.73007e-15
903,1.02688e+06,0,-0.810984,-nan,3.25158e-05,2.97527e-05,-nan,-nan,3.7299e-15
904,1.02688e+06,0,-0.810984,-nan,3.25154e-05,2.97523e-05,-nan,-nan,3.72972e-15
905,1.02688e+06,0,-0.810985,-nan,3.2515e-05,2.97519e-05,-nan,-nan,3.72954e-15
906,1.02688e+06,0,-0.810985,-nan,3.25146e-05,2.97514e-05,-nan,-nan,3.72936e-15
907,1.02687e+06,0,-0.810985,-nan,3.25142e-05,2.9751e-05,-nan,-nan,3.72919e-15
908,1.02687e+06,0,-0.810985,-nan,3.25138e-05,2.97506e-05,-nan,-nan,3.72901e-15
909,1.02687e+06,0,-0.810985,-nan,3.25134e-05,2.97502e-05,-nan,-nan,3.72883e-15
910,1.02687e+06,0,-0.810985,-nan,3.25131e-05,2.97498e-05,-nan,-nan,3.72866e-15
911,1.02687e+06,0,-0.810986,-nan,3.25127e-05,2.97494e-05,-nan,-nan,3.72848e-15
912,1.02687e+06,0,-0.810986,-nan,3.25123e-05,2.9749e-05,-nan,-nan,3.7283e-15
913,1.02687e+06,0,-0.810986,-nan,3.2512e-05,2.97486e-05,-nan,-nan,3.72812e-15
914,1.02687e+06,0,-0.810986,-nan,3.25116e-05,2.97482e-05,-nan,-nan,3.72795e-15
915,1.02687e+06,0,-0.810986,-nan,3.25112e-05,2.97478e-05,-nan,-nan,3.72777e-15
916,1.02687e+06,0,-0.810986,-nan,3.25109e-05,2.97475e-05,-nan,-nan,3.72759e-15
917,1.02687e+06,0,-0.810987,-nan,3.25105e-05,2.97471e-05,-nan,-nan,3.72741e-15
918,1.02687e+06,0,-0.810987,-nan,3.25102e-05,2.97467e-05,-nan,-nan,3.72724e-15
919,1.02687e+06,0,-0.810987,-nan,3.25099e-05,2.97464e-05,-nan,-nan,3.72706e-15
920,1.02687e+06,0,-0.810987,-nan,3.25095e-05,2.9746e-05,-nan,-nan,3.72688e-15
921,1.02687e+06,0,-0.810987,-nan,3.25092e-05,2.97456e-05,-nan,-nan,3.7267e-15
922,1.02687e+06,0,-0.810987,-nan,3.25089e-05,2.97453e-05,-nan,-nan,3.72653e-15
923,1.02687e+06,0,-0.810988,-nan,3.25085e-05,2.97449e-05,-nan,-nan,3.72635e-15
924,1.02687e+06,0,-0.810988,-nan,3.25082e-05,2.97446e-05,-nan,-nan,3.72617e-15
925,1.02687e+06,0,-0.810988,-nan,3.25079e-05,2.97443e-05,-nan,-nan,3.72599e-15
926,1.02687e+06,0,-0.810988,-nan,3.25076e-05,2.97439e-05,-nan,-nan,3.72582e-15
927,1.02687e+06,0,-0.810988,-nan,3.25073e-05,2.97436e-05,-nan,-nan,3.72564e-15
928,1.02687e+06,0,-0.810988,-nan,3.2507e-05,2.97433e-05,-nan,-nan,3.72546e-15
929,1.02687e+06,0,-0.810988,-nan,3.25067e-05,2.9743e-05,-nan,-nan,3.72528e-15
930,1.02687e+06,0,-0.810989,-nan,3.25064e-05,2.97426e-05,-nan,-nan,3.7251e-15
931,1.02687e+06,0,-0.810989,-nan,3.25061e-05,2.97423e-05,-nan,-nan,3.72493e-15
932,1.02687e+06,0,-0.810989,-nan,3.25058e-05,2.9742e-05,-nan,-nan,3.72475e-15
933,1.02686e+06,0,-0.810989,-nan,3.25055e-05,2.97417e-05,-nan,-nan,3.72457e-15
934,1.02686e+06,0,-0.810989,-nan,3.25052e-05,2.97414e-05,-nan,-nan,3.72439e-15
935,1.02686e+06,0,-0.810989,-nan,3.2505e-05,2.97411e-05,-nan,-nan,3.72422e-15
936,1.02686e+06,0,-0.810989,-nan,3.25047e-05,2.97408e-05,-nan,-nan,3.72404e-15
937,1.02686e+06,0,-0.810989,-nan,3.25044e-05,2.97405e-05,-nan,-nan,3.72386e-15
938,1.02686e+06,0,-0.81099,-nan,3.25041e-05,2.97402e-05,-nan,-nan,3.72368e-15
939,1.02686e+06,0,-0.81099,-nan,3.25039e-05,2.97399e-05,-nan,-nan,3.72351e-15
940,1.02686e+06,0,-0.81099,-nan,3.25036e-05,2.97397e-05,-nan,-nan,3.72333e-15
941,1.02686e+06,0,-0.81099,-nan,3.25033e-05,2.97394e-05,-nan,-nan,3.72315e-15
942,1.02686e+06,0,-0.81099,-nan,3.25031e-05,2.97391e-05,-nan,-nan,3.72297e-15
943,1.02686e+06,0,-0.81099,-nan,3.25028e-05,2.97388e-05,-nan,-nan,3.7228e-15
944,1.02686e+06,0,-0.81099,-nan,3.25026e-05,2.97386e-05,-nan,-nan,3.72262e-15
945,1.02686e+06,0,-0.81099,-nan,3.25023e-05,2.97383e-05,-nan,-nan,3.72244e-15
946,1.02686e+06,0,-0.810991,-nan,3.25021e-05,2.9738e-05,-nan,-nan,3.72226e-15
947,1.02686e+06,0,-0.810991,-nan,3.25018e-05,2.97378e-05,-nan,-nan,3.72208e-15
948,1.02686e+06,0,-0.810991,-nan,3.25016e-05,2.97375e-05,-nan,-nan,3.72191e-15
949,1.02686e+06,0,-0.810991,-nan,3.25014e-05,2.97373e-05,-nan,-nan,3.72173e-15
950,1.02686e+06,0,-0.810991,-nan,3.25011e-05,2.9737e-05,-nan,-nan,3.72155e-15
951,1.02686e+06,0,-0.810991,-nan,3.25009e-05,2.97368e-05,-nan,-nan,3.72137e-15
952,1.02686e+06,0,-0.810991,-nan,3.25007e-05,2.97365e-05,-nan,-nan,3.7212e-15
953,1.02686e+06,0,-0.810991,-nan,3.25004e-05,2.97363e-05,-nan,-nan,3.72102e-15
954,1.02686e+06,0,-0.810991,-nan,3.25002e-05,2.9736e-05,-nan,-nan,3.72084e-15
955,1.02686e+06,0,-0.810992,-nan,3.25e-05,2.97358e-05,-nan,-nan,3.72066e-15
956,1.02686e+06,0,-0.810992,-nan,3.24998e-05,2.97356e-05,-nan,-nan,3.72049e-15
957,1.02686e+06,0,-0.810992,-nan,3.24996e-05,2.97353e-05,-nan,-nan,3.72031e-15
958,1.02686e+06,0,-0.810992,-nan,3.24994e-05,2.97351e-05,-nan,-nan,3.72013e-15
959,1.02686e+06,0,-0.810992,-nan,3.24992e-05,2.97349e-05,-nan,-nan,3.71995e-15
960,1.02686e+06,0,-0.810992,-nan,3.24989e-05,2.97347e-05,-nan,-nan,3.71978e-15
961,1.02686e+06,0,-0.810992,-nan,3.24987e-05,2.97344e-05,-nan,-nan,3.7196e-15
962,1.02686e+06,0,-0.810992,-nan,3.24985e-05,2.97342e-05,-nan,-nan,3.71942e-15
963,1.02686e+06,0,-0.810992,-nan,3.24983e-05,2.9734e-05,-nan,-nan,3.71924e-15
964,1.02686e+06,0,-0.810992,-nan,3.24981e-05,2.97338e-05,-nan,-nan,3.71906e-15
965,1.02686e+06,0,-0.810992,-nan,3.24979e-05,2.97336e-05,-nan,-nan,3.71889e-15
966,1.02686e+06,0,-0.810993,-nan,3.24977e-05,2.97334e-05,-nan,-nan,3.71871e-15
967,1.02686e+06,0,-0.810993,-nan,3.24976e-05,2.97332e-05,-nan,-nan,3.71853e-15
968,1.02686e+06,0,-0.810993,-nan,3.24974e-05,2.9733e-05,-nan,-nan,3.71835e-15
969,1.02686e+06,0,-0.810993,-nan,3.24972e-05,2.97328e-05,-nan,-nan,3.71818e-15
970,1.02686e+06,0,-0.810993,-nan,3.2497e-05,2.97326e-05,-nan,-nan,3.718e-15
971,1.02686e+06,0,-0.810993,-nan,3.24968e-05,2.97324e-05,-nan,-nan,3.71782e-15
972,1.02685e+06,0,-0.810993,-nan,3.24966e-05,2.97322e-05,-nan,-nan,3.71764e-15
973,1.02685e+06,0,-0.810993,-nan,3.24965e-05,2.9732e-05,-nan,-nan,3.71746e-15
974,1.02685e+06,0,-0.810993,-nan,3.24963e-05,2.97318e-05,-nan,-nan,3.71729e-15
975,1.02685e+06,0,-0.810993,-nan,3.24961e-05,2.97316e-05,-nan,-nan,3.71711e-15
976,1.02685e+06,0,-0.810993,-nan,3.24959e-05,2.97314e-05,-nan,-nan,3.71693e-15
977,1.02685e+06,0,-0.810993,-nan,3.24958e-05,2.97313e-05,-nan,-nan,3.71675e-15
978,1.02685e+06,0,-0.810994,-nan,3.24956e-05,2.97311e-05,-nan,-nan,3.71658e-15
979,1.02685e+06,0,-0.810994,-nan,3.24954e-05,2.97309e-05,-nan,-nan,3.7164e-15
980,1.02685e+06,0,-0.810994,-nan,3.24953e-05,2.97307e-05,-nan,-nan,3.71622e-15
981,1.02685e+06,0,-0.810994,-nan,3.24951e-05,2.97306e-05,-nan,-nan,3.71604e-15
982,1.02685e+06,0,-0.810994,-nan,3.2495e-05,2.97304e-05,-nan,-nan,3.71587e-15
983,1.02685e+06,0,-0.810994,-nan,3.24948e-05,2.97302e-05,-nan,-nan,3.71569e-15
984,1.02685e+06,0,-0.810994,-nan,3.24946e-05,2.97301e-05,-nan,-nan,3.71551e-15
985,1.02685e+06,0,-0.810994,-nan,3.24945e-05,2.97299e-05,-nan,-nan,3.71533e-15
986,1.02685e+06,0,-0.810994,-nan,3.24943e-05,2.97297e-05,-nan,-nan,3.71515e-15
987,1.02685e+06,0,-0.810994,-nan,3.24942e-05,2.97296e-05,-nan,-nan,3.71498e-15
988,1.02685e+06,0,-0.810994,-nan,3.2494e-05,2.97294e-05,-nan,-nan,3.7148e-15
989,1.02685e+06,0,-0.810994,-nan,3.24939e-05,2.97293e-05,-nan,-nan,3.71462e-15
990,1.02685e+06,0,-0.810994,-nan,3.24937e-05,2.97291e-05,-nan,-nan,3.71444e-15
991,1.02685e+06,0,-0.810994,-nan,3.24936e-05,2.97289e-05,-nan,-nan,3.71427e-15
992,1.02685e+06,0,-0.810995,-nan,3.24935e-05,2.97288e-05,-nan,-nan,3.71409e-15
993,1.02685e+06,0,-0.810995,-nan,3.24933e-05,2.97286e-05,-nan,-nan,3.71391e-15
994,1.02685e+06,0,-0.810995,-nan,3.24932e-05,2.97285e-05,-nan,-nan,3.71373e-15
995,1.02685e+06,0,-0.810995,-nan,3.24931e-05,2.97284e-05,-nan,-nan,3.71356e-15
996,1.02685e+06,0,-0.810995,-nan,3.24929e-05,2.97282e-05,-nan,-nan,3.71338e-15
997,1.02685e+06,0,-0.810995,-nan,3.24928e-05,2.97281e-05,-nan,-nan,3.7132e-15
998,1.02685e+06,0,-0.810995,-nan,3.24927e-05,2.97279e-05,-nan,-nan,3.71302e-15
999,1.02685e+06,0,-0.810995,-nan,3.24925e-05,2.97278e-05,-nan,-nan,3.71284e-15
1000,1.02685e+06,0,-0.810995,-nan,3.24924e-05,2.97277e-05,-nan,-nan,3.71267e-15
1001,1.02685e+06,0,-0.810995,-nan,3.24923e-05,2.97275e-05,-nan,-nan,3.71249e-15
1002,1.02685e+06,0,-0.810995,-nan,3.24921e-05,2.97274e-05,-nan,-nan,3.71231e-15
1003,1.02685e+06,0,-0.810995,-nan,3.2492e-05,2.97272e-05,-nan,-nan,3.71213e-15
1004,1.02685e+06,0,-0.810995,-nan,3.24919e-05,2.97271e-05,-nan,-nan,3.71196e-15
1005,1.02685e+06,0,-0.810995,-nan,3.24918e-05,2.9727e-05,-nan,-nan,3.71178e-15
1006,1.02685e+06,0,-0.810995,-nan,3.24917e-05,2.97269e-05,-nan,-nan,3.7116e-15
1007,1.02685e+06,0,-0.810995,-nan,3.24915e-05,2.97267e-05,-nan,-nan,3.71142e-15
1008,1.02685e+06,0,-0.810996,-nan,3.24914e-05,2.97266e-05,-nan,-nan,3.71125e-15
1009,1.02685e+06,0,-0.810996,-nan,3.24913e-05,2.97265e-05,-nan,-nan,3.71107e-15
1010,1.02685e+06,0,-0.810996,-nan,3.24912e-05,2.97264e-05,-nan,-nan,3.71089e-15
1011,1.02685e+06,0,-0.810996,-nan,3.24911e-05,2.97262e-05,-nan,-nan,3.71071e-15
1012,1.02685e+06,0,-0.810996,-nan,3.2491e-05,2.97261e-05,-nan,-nan,3.71053e-15
1013,1.02685e+06,0,-0.810996,-nan,3.24909e-05,2.9726e-05,-nan,-nan,3.71036e-15
1014,1.02685e+06,0,-0.810996,-nan,3.24907e-05,2.97259e-05,-nan,-nan,3.71018e-15
1015,1.02685e+06,0,-0.810996,-nan,3.24906e-05,2.97258e-05,-nan,-nan,3.71e-15
1016,1.02685e+06,0,-0.810996,-nan,3.24905e-05,2.97257e-05,-nan,-nan,3.70982e-15
1017,1.02685e+06,0,-0.810996,-nan,3.24904e-05,2.97256e-05,-nan,-nan,3.70965e-15
1018,1.02685e+06,0,-0.810996,-nan,3.24903e-05,2.97254e-05,-nan,-nan,3.70947e-15
1019,1.02685e+06,0,-0.810996,-nan,3.24902e-05,2.97253e-05,-nan,-nan,3.70929e-15
1020,1.02685e+06,0,-0.810996,-nan,3.24901e-05,2.97252e-05,-nan,-nan,3.70911e-15
1021,1.02685e+06,0,-0.810996,-nan,3.249e-05,2.97251e-05,-nan,-nan,3.70894e-15
1022,1.02685e+06,0,-0.810996,-nan,3.24899e-05,2.9725e-05,-nan,-nan,3.70876e-15
1023,1.02685e+06,0,-0.810996,-nan,3.24898e-05,2.97249e-05,-nan,-nan,3.70858e-15
1024,1.02685e+06,0,-0.810996,-nan,3.24897e-05,2.97248e-05,-nan,-nan,3.7084e-15
1025,1.02685e+06,0,-0.810996,-nan,3.24896e-05,2.97247e-05,-nan,-nan,3.70823e-15
1026,1.02685e+06,0,-0.810996,-nan,3.24895e-05,2.97246e-05,-nan,-nan,3.70805e-15
1027,1.02685e+06,0,-0.810996,-nan,3.24895e-05,2.97245e-05,-nan,-nan,3.70787e-15
1028,1.02685e+06,0,-0.810996,-nan,3.24894e-05,2.97244e-05,-nan,-nan,3.70769e-15
1029,1.02685e+06,0,-0.810997,-nan,3.24947e-05,2.97194e-05,-nan,-nan,3.70752e-15
1030,1.02685e+06,0,-0.810997,-nan,3.24946e-05,2.97193e-05,-nan,-nan,3.70734e-15
1031,1.02685e+06,0,-0.810997,-nan,3.24946e-05,2.97192e-05,-nan,-nan,3.70716e-15
1032,1.02685e+06,0,-0.810997,-nan,3.24945e-05,2.97191e-05,-nan,-nan,3.70698e-15
1033,1.02685e+06,0,-0.810997,-nan,3.24944e-05,2.9719e-05,-nan,-nan,3.7068e-15
1034,1.02685e+06,0,-0.810997,-nan,3.24943e-05,2.97189e-05,-nan,-nan,3.70663e-15
1035,1.02685e+06,0,-0.810997,-nan,3.24942e-05,2.97188e-05,-nan,-nan,3.70645e-15
1036,1.02685e+06,0,-0.810997,-nan,3.24941e-05,2.97188e-05,-nan,-nan,3.70627e-15
1037,1.02685e+06,0,-0.810997,-nan,3.2494e-05,2.97187e-05,-nan,-nan,3.70609e-15
1038,1.02685e+06,0,-0.810997,-nan,3.2494e-05,2.97186e-05,-nan,-nan,3.70592e-15
1039,1.02685e+06,0,-0.810997,-nan,3.24939e-05,2.97185e-05,-nan,-nan,3.70574e-15
1040,1.02685e+06,0,-0.810997,-nan,3.24938e-05,2.97184e-05,-nan,-nan,3.70556e-15
1041,1.02685e+06,0,-0.810997,-nan,3.24937e-05,2.97183e-05,-nan,-nan,3.70538e-15
1042,1.02685e+06,0,-0.810997,-nan,3.24936e-05,2.97182e-05,-nan,-nan,3.70521e-15
1043,1.02685e+06,0,-0.810997,-nan,3.24936e-05,2.97182e-05,-nan,-nan,3.70503e-15
1044,1.02685e+06,0,-0.810997,-nan,3.24935e-05,2.97181e-05,-nan,-nan,3.70485e-15
1045,1.02685e+06,0,-0.810997,-nan,3.24934e-05,2.9718e-05,-nan,-nan,3.70467e-15
1046,1.02684e+06,0,-0.810997,-nan,3.24933e-05,2.97179e-05,-nan,-nan,3.7045e-15
1047,1.02684e+06,0,-0.810997,-nan,3.24933e-05,2.97178e-05,-nan,-nan,3.70432e-15
1048,1.02684e+06,0,-0.810997,-nan,3.24932e-05,2.97178e-05,-nan,-nan,3.70414e-15
1049,1.02684e+06,0,-0.810997,-nan,3.24931e-05,2.97177e-05,-nan,-nan,3.70396e-15
1050,1.02684e+06,0,-0.810997,-nan,3.24931e-05,2.97176e-05,-nan,-nan,3.70379e-15
1051,1.02684e+06,0,-0.810997,-nan,3.2493e-05,2.97175e-05,-nan,-nan,3.70361e-15
1052,1.02684e+06,0,-0.810997,-nan,3.24929e-05,2.97175e-05,-nan,-nan,3.70343e-15
1053,1.02684e+06,0,-0.810997,-nan,3.24929e-05,2.97174e-05,-nan,-nan,3.70325e-15
1054,1.02684e+06,0,-0.810997,-nan,3.24928e-05,2.97173e-05,-nan,-nan,3.70308e-15
1055,1.02684e+06,0,-0.810997,-nan,3.24927e-05,2.97172e-05,-nan,-nan,3.7029e-15
1056,1.02684e+06,0,-0.810997,-nan,3.24927e-05,2.97172e-05,-nan,-nan,3.70272e-15
1057,1.02684e+06,0,-0.810998,-nan,3.24926e-05,2.97171e-05,-nan,-nan,3.70254e-15
1058,1.02684e+06,0,-0.810998,-nan,3.24925e-05,2.9717e-05,-nan,-nan,3.70237e-15
1059,1.02684e+06,0,-0.810998,-nan,3.24925e-05,2.9717e-05,-nan,-nan,3.70219e-15
1060,1.02684e+06,0,-0.810998,-nan,3.24924e-05,2.97169e-05,-nan,-nan,3.70201e-15
1061,1.02684e+06,0,-0.810998,-nan,3.24923e-05,2.97168e-05,-nan,-nan,3.70183e-15
1062,1.02684e+06,0,-0.810998,-nan,3.24923e-05,2.97168e-05,-nan,-nan,3.70166e-15
1063,1.02684e+06,0,-0.810998,-nan,3.24922e-05,2.97167e-05,-nan,-nan,3.70148e-15
1064,1.02684e+06,0,-0.810998,-nan,3.24922e-05,2.97166e-05,-nan,-nan,3.7013e-15
1065,1.02684e+06,0,-0.810998,-nan,3.24921e-05,2.97166e-05,-nan,-nan,3.70112e-15
1066,1.02684e+06,0,-0.810998,-nan,3.2492e-05,2.97165e-05,-nan,-nan,3.70095e-15
1067,1.02684e+06,0,-0.810998,-nan,3.2492e-05,2.97165e-05,-nan,-nan,3.70077e-15
1068,1.02684e+06,0,-0.810998,-nan,3.24919e-05,2.97164e-05,-nan,-nan,3.70059e-15
1069,1.02684e+06,0,-0.810998,-nan,3.24919e-05,2.97163e-05,-nan,-nan,3.70042e-15
1070,1.02684e+06,0,-0.810998,-nan,3.24918e-05,2.97163e-05,-nan,-nan,3.70024e-15
1071,1.02684e+06,0,-0.810998,-nan,3.24918e-05,2.97162e-05,-nan,-nan,3.70006e-15
1072,1.02684e+06,0,-0.810998,-nan,3.24917e-05,2.97162e-05,-nan,-nan,3.69988e-15
1073,1.02684e+06,0,-0.810998,-nan,3.24917e-05,2.97161e-05,-nan,-nan,3.69971e-15
1074,1.02684e+06,0,-0.810998,-nan,3.24916e-05,2.9716e-05,-nan,-nan,3.69953e-15
1075,1.02684e+06,0,-0.810998,-nan,3.24915e-05,2.9716e-05,-nan,-nan,3.69935e-15
1076,1.02684e+06,0,-0.810998,-nan,3.24915e-05,2.97159e-05,-nan,-nan,3.69917e-15
1077,1.02684e+06,0,-0.810998,-nan,3.24914e-05,2.97159e-05,-nan,-nan,3.699e-15
1078,1.02684e+06,0,-0.810998,-nan,3.24914e-05,2.97158e-05,-nan,-nan,3.69882e-15
1079,1.02684e+06,0,-0.810998,-nan,3.24913e-05,2.97158e-05,-nan,-nan,3.69864e-15
1080,1.02684e+06,0,-0.810998,-nan,3.24968e-05,2.97108e-05,-nan,-nan,3.69846e-15
1081,1.02684e+06,0,-0.810998,-nan,3.24967e-05,2.97108e-05,-nan,-nan,3.69829e-15
1082,1.02684e+06,0,-0.810998,-nan,3.24967e-05,2.97107e-05,-nan,-nan,3.69811e-15
1083,1.02684e+06,0,-0.810998,-nan,3.24966e-05,2.97107e-05,-nan,-nan,3.69793e-15
1084,1.02684e+06,0,-0.810998,-nan,3.24966e-05,2.97106e-05,-nan,-nan,3.69775e-15
1085,1.02684e+06,0,-0.810998,-nan,3.24965e-05,2.97106e-05,-nan,-nan,3.69758e-15
1086,1.02684e+06,0,-0.810998,-nan,3.24965e-05,2.97105e-05,-nan,-nan,3.6974e-15
1087,1.02684e+06,0,-0.810998,-nan,3.24964e-05,2.97105e-05,-nan,-nan,3.69722e-15
1088,1.02684e+06,0,-0.810998,-nan,3.24964e-05,2.97104e-05,-nan,-nan,3.69705e-15
1089,1.02684e+06,0,-0.810998,-nan,3.24963e-05,2.97104e-05,-nan,-nan,3.69687e-15
1090,1.02684e+06,0,-0.810998,-nan,3.24963e-05,2.97103e-05,-nan,-nan,3.69669e-15
1091,1.02684e+06,0,-0.810998,-nan,3.24963e-05,2.97103e-05,-nan,-nan,3.69651e-15
1092,1.02684e+06,0,-0.810998,-nan,3.24962e-05,2.97102e-05,-nan,-nan,3.69634e-15
1093,1.02684e+06,0,-0.810998,-nan,3.24962e-05,2.97102e-05,-nan,-nan,3.69616e-15
1094,1.02684e+06,0,-0.810998,-nan,3.24961e-05,2.97101e-05,-nan,-nan,3.69598e-15
1095,1.02684e+06,0,-0.810998,-nan,3.24961e-05,2.97101e-05,-nan,-nan,3.69581e-15
1096,1.02684e+06,0,-0.810998,-nan,3.24961e-05,2.97101e-05,-nan,-nan,3.69563e-15
1097,1.02684e+06,0,-0.810998,-nan,3.2496e-05,2.971e-05,-nan,-nan,3.69545e-15
1098,1.02684e+06,0,-0.810998,-nan,3.2496e-05,2.971e-05,-nan,-nan,3.69527e-15
1099,1.02684e+06,0,-0.810998,-nan,3.24959e-05,2.97099e-05,-nan,-nan,3.6951e-15
1100,1.02684e+06,0,-0.810999,-nan,3.24959e-05,2.97099e-05,-nan,-nan,3.69492e-15
1101,1.02684e+06,0,-0.810999,-nan,3.24959e-05,2.97098e-05,-nan,-nan,3.69474e-15
1102,1.02684e+06,0,-0.810999,-nan,3.24958e-05,2.97098e-05,-nan,-nan,3.69456e-15
1103,1.02684e+06,0,-0.810999,-nan,3.24958e-05,2.97098e-05,-nan,-nan,3.69439e-15
1104,1.02684e+06,0,-0.810999,-nan,3.24957e-05,2.97097e-05,-nan,-nan,3.69421e-15
1105,1.02684e+06,0,-0.810999,-nan,3.24957e-05,2.97097e-05,-nan,-nan,3.69403e-15
1106,1.02684e+06,0,-0.810999,-nan,3.24957e-05,2.97097e-05,-nan,-nan,3.69386e-15
1107,1.02684e+06,0,-0.810999,-nan,3.24956e-05,2.97096e-05,-nan,-nan,3.69368e-15
1108,1.02684e+06,0,-0.810999,-nan,3.24956e-05,2.97096e-05,-nan,-nan,3.6935e-15
1109,1.02684e+06,0,-0.810999,-nan,3.24956e-05,2.97095e-05,-nan,-nan,3.69332e-15
1110,1.02684e+06,0,-0.810999,-nan,3.24955e-05,2.97095e-05,-nan,-nan,3.69315e-15
1111,1.02684e+06,0,-0.810999,-nan,3.24955e-05,2.97095e-05,-nan,-nan,3.69297e-15
1112,1.02684e+06,0,-0.810999,-nan,3.24955e-05,2.97094e-05,-nan,-nan,3.69279e-15
1113,1.02684e+06,0,-0.810999,-nan,3.24954e-05,2.97094e-05,-nan,-nan,3.69262e-15
1114,1.02684e+06,0,-0.810999,-nan,3.24954e-05,2.97094e-05,-nan,-nan,3.69244e-15
1115,1.02684e+06,0,-0.810999,-nan,3.24954e-05,2.97093e-05,-nan,-nan,3.69226e-15
1116,1.02684e+06,0,-0.810999,-nan,3.24953e-05,2.97093e-05,-nan,-nan,3.69208e-15
1117,1.02684e+06,0,-0.810999,-nan,3.24953e-05,2.97093e-05,-nan,-nan,3.69191e-15
1118,1.02684e+06,0,-0.810999,-nan,3.24953e-05,2.97092e-05,-nan,-nan,3.69173e-15
1119,1.02684e+06,0,-0.810999,-nan,3.24952e-05,2.97092e-05,-nan,-nan,3.69155e-15
1120,1.02684e+06,0,-0.810999,-nan,3.24952e-05,2.97092e-05,-nan,-nan,3.69138e-15
1121,1.02684e+06,0,-0.810999,-nan,3.24952e-05,2.97091e-05,-nan,-nan,3.6912e-15
1122,1.02684e+06,0,-0.810999,-nan,3.24952e-05,2.97091e-05,-nan,-nan,3.69102e-15
1123,1.02684e+06,0,-0.810999,-nan,3.24951e-05,2.97091e-05,-nan,-nan,3.69085e-15
1124,1.02684e+06,0,-0.810999,-nan,3.24951e-05,2.9709e-05,-nan,-nan,3.69067e-15
1125,1.02684e+06,0,-0.810999,-nan,3.24951e-05,2.9709e-05,-nan,-nan,3.69049e-15
1126,1.02684e+06,0,-0.810999,-nan,3.2495e-05,2.9709e-05,-nan,-nan,3.69031e-15
1127,1.02684e+06,0,-0.810999,-nan,3.2495e-05,2.97089e-05,-nan,-nan,3.69014e-15
1128,1.02684e+06,0,-0.810999,-nan,3.2495e-05,2.97089e-05,-nan,-nan,3.68996e-15
1129,1.02684e+06,0,-0.810999,-nan,3.2495e-05,2.97089e-05,-nan,-nan,3.68978e-15
1130,1.02684e+06,0,-0.810999,-nan,3.24949e-05,2.97089e-05,-nan,-nan,3.68961e-15
1131,1.02684e+06,0,-0.810999,-nan,3.24949e-05,2.97088e-05,-nan,-nan,3.68943e-15
1132,1.02684e+06,0,-0.810999,-nan,3.24949e-05,2.97088e-05,-nan,-nan,3.68925e-15
1133,1.02684e+06,0,-0.810999,-nan,3.24948e-05,2.97088e-05,-nan,-nan,3.68908e-15
1134,1.02684e+06,0,-0.810999,-nan,3.24948e-05,2.97087e-05,-nan,-nan,3.6889e-15
1135,1.02684e+06,0,-0.810999,-nan,3.24948e-05,2.97087e-05,-nan,-nan,3.68872e-15
1136,1.02684e+06,0,-0.810999,-nan,3.24948e-05,2.97087e-05,-nan,-nan,3.68854e-15
1137,1.02684e+06,0,-0.810999,-nan,3.24947e-05,2.97087e-05,-nan,-nan,3.68837e-15
1138,1.02684e+06,0,-0.810999,-nan,3.24947e-05,2.97086e-05,-nan,-nan,3.68819e-15
1139,1.02684e+06,0,-0.810999,-nan,3.24947e-05,2.97086e-05,-nan,-nan,3.68801e-15
1140,1.02684e+06,0,-0.810999,-nan,3.24947e-05,2.97086e-05,-nan,-nan,3.68784e-15
1141,1.02684e+06,0,-0.810999,-nan,3.24946e-05,2.97086e-05,-nan,-nan,3.68766e-15
1142,1.02684e+06,0,-0.810999,-nan,3.24946e-05,2.97085e-05,-nan,-nan,3.68748e-15
1143,1.02684e+06,0,-0.810999,-nan,3.24946e-05,2.97085e-05,-nan,-nan,3.68731e-15
1144,1.02684e+06,0,-0.810999,-nan,3.24946e-05,2.97085e-05,-nan,-nan,3.68713e-15
1145,1.02684e+06,0,-0.810999,-nan,3.24946e-05,2.97085e-05,-nan,-nan,3.68695e-15
1146,1.02684e+06,0,-0.810999,-nan,3.24945e-05,2.97084e-05,-nan,-nan,3.68678e-15
1147,1.02684e+06,0,-0.810999,-nan,3.24945e-05,2.97084e-05,-nan,-nan,3.6866e-15
1148,1.02684e+06,0,-0.810999,-nan,3.24945e-05,2.97084e-05,-nan,-nan,3.68642e-15
1149,1.02684e+06,0,-0.810999,-nan,3.24945e-05,2.97084e-05,-nan,-nan,3.68624e-15
1150,1.02684e+06,0,-0.810999,-nan,3.24944e-05,2.97083e-05,-nan,-nan,3.68607e-15
1151,1.02684e+06,0,-0.810999,-nan,3.24944e-05,2.97083e-05,-nan,-nan,3.68589e-15
1152,1.02684e+06,0,-0.810999,-nan,3.24944e-05,2.97083e-05,-nan,-nan,3.68571e-15
1153,1.02684e+06,0,-0.810999,-nan,3.24944e-05,2.97083e-05,-nan,-nan,3.68554e-15
1154,1.02684e+06,0,-0.810999,-nan,3.24944e-05,2.97083e-05,-nan,-nan,3.68536e-15
1155,1.02684e+06,0,-0.810999,-nan,3.24943e-05,2.97082e-05,-nan,-nan,3.68518e-15
1156,1.02684e+06,0,-0.810999,-nan,3.24943e-05,2.97082e-05,-nan,-nan,3.68501e-15
1157,1.02684e+06,0,-0.810999,-nan,3.24943e-05,2.97082e-05,-nan,-nan,3.68483e-15
1158,1.02684e+06,0,-0.810999,-nan,3.24943e-05,2.97082e-05,-nan,-nan,3.68465e-15
1159,1.02684e+06,0,-0.810999,-nan,3.24943e-05,2.97082e-05,-nan,-nan,3.68448e-15
1160,1.02684e+06,0,-0.810999,-nan,3.24943e-05,2.97081e-05,-nan,-nan,3.6843e-15
1161,1.02684e+06,0,-0.810999,-nan,3.24942e-05,2.97081e-05,-nan,-nan,3.68412e-15
1162,1.02684e+06,0,-0.810999,-nan,3.24942e-05,2.97081e-05,-nan,-nan,3.68395e-15
1163,1.02684e+06,0,-0.810999,-nan,3.24942e-05,2.97081e-05,-nan,-nan,3.68377e-15
1164,1.02684e+06,0,-0.810999,-nan,3.24942e-05,2.97081e-05,-nan,-nan,3.68359e-15
1165,1.02684e+06,0,-0.810999,-nan,3.24942e-05,2.9708e-05,-nan,-nan,3.68342e-15
1166,1.02684e+06,0,-0.810999,-nan,3.24941e-05,2.9708e-05,-nan,-nan,3.68324e-15
1167,1.02684e+06,0,-0.810999,-nan,3.24941e-05,2.9708e-05,-nan,-nan,3.68306e-15
1168,1.02684e+06,0,-0.810999,-nan,3.24941e-05,2.9708e-05,-nan,-nan,3.68289e-15
1169,1.02684e+06,0,-0.810999,-nan,3.24941e-05,2.9708e-05,-nan,-nan,3.68271e-15
1170,1.02684e+06,0,-0.810999,-nan,3.24941e-05,2.97079e-05,-nan,-nan,3.68253e-15
1171,1.02684e+06,0,-0.810999,-nan,3.24941e-05,2.97079e-05,-nan,-nan,3.68236e-15
1172,1.02684e+06,0,-0.810999,-nan,3.2494e-05,2.97079e-05,-nan,-nan,3.68218e-15
1173,1.02684e+06,0,-0.810999,-nan,3.2494e-05,2.97079e-05,-nan,-nan,3.682e-15
1174,1.02684e+06,0,-0.810999,-nan,3.2494e-05,2.97079e-05,-nan,-nan,3.68183e-15
1175,1.02684e+06,0,-0.810999,-nan,3.2494e-05,2.97079e-05,-nan,-nan,3.68165e-15
1176,1.02684e+06,0,-0.810999,-nan,3.2494e-05,2.97078e-05,-nan,-nan,3.68147e-15
1177,1.02684e+06,0,-0.810999,-nan,3.2494e-05,2.97078e-05,-nan,-nan,3.6813e-15
1178,1.02684e+06,0,-0.810999,-nan,3.24939e-05,2.97078e-05,-nan,-nan,3.68112e-15
1179,1.02684e+06,0,-0.810999,-nan,3.24939e-05,2.97078e-05,-nan,-nan,3.68094e-15
1180,1.02684e+06,0,-0.810999,-nan,3.24939e-05,2.97078e-05,-nan,-nan,3.68077e-15
1181,1.02684e+06,0,-0.810999,-nan,3.24939e-05,2.97078e-05,-nan,-nan,3.68059e-15
1182,1.02684e+06,0,-0.810999,-nan,3.24939e-05,2.97077e-05,-nan,-nan,3.68041e-15
1183,1.02684e+06,0,-0.810999,-nan,3.24939e-05,2.97077e-05,-nan,-nan,3.68024e-15
1184,1.02684e+06,0,-0.810999,-nan,3.24939e-05,2.97077e-05,-nan,-nan,3.68006e-15
1185,1.02684e+06,0,-0.810999,-nan,3.24938e-05,2.97077e-05,-nan,-nan,3.67988e-15
1186,1.02684e+06,0,-0.810999,-nan,3.24938e-05,2.97077e-05,-nan,-nan,3.67971e-15
1187,1.02684e+06,0,-0.810999,-nan,3.24938e-05,2.97077e-05,-nan,-nan,3.67953e-15
1188,1.02684e+06,0,-0.810999,-nan,3.24938e-05,2.97077e-05,-nan,-nan,3.67935e-15
1189,1.02684e+06,0,-0.810999,-nan,3.24938e-05,2.97076e-05,-nan,-nan,3.67918e-15
1190,1.02684e+06,0,-0.810999,-nan,3.24938e-05,2.97076e-05,-nan,-nan,3.679e-15
1191,1.02684e+06,0,-0.810999,-nan,3.24938e-05,2.97076e-05,-nan,-nan,3.67882e-15
1192,1.02684e+06,0,-0.811,-nan,3.24938e-05,2.97076e-05,-nan,-nan,3.67865e-15
1193,1.02684e+06,0,-0.811,-nan,3.24937e-05,2.97076e-05,-nan,-nan,3.67847e-15
1194,1.02684e+06,0,-0.811,-nan,3.24937e-05,2.97076e-05,-nan,-nan,3.67829e-15
1195,1.02684e+06,0,-0.811,-nan,3.24937e-05,2.97076e-05,-nan,-nan,3.67812e-15
1196,1.02684e+06,0,-0.811,-nan,3.24937e-05,2.97075e-05,-nan,-nan,3.67794e-15
1197,1.02684e+06,0,-0.811,-nan,3.24937e-05,2.97075e-05,-nan,-nan,3.67776e-15
1198,1.02684e+06,0,-0.811,-nan,3.24937e-05,2.97075e-05,-nan,-nan,3.67759e-15
1199,1.02684e+06,0,-0.811,-nan,3.24937e-05,2.97075e-05,-nan,-nan,3.67741e-15
1200,1.02684e+06,0,-0.811,-nan,3.24937e-05,2.97075e-05,-nan,-nan,3.67723e-15
1201,1.02684e+06,0,-0.811,-nan,3.24936e-05,2.97075e-05,-nan,-nan,3.67706e-15
1202,1.02684e+06,0,-0.811,-nan,3.24936e-05,2.97075e-05,-nan,-nan,3.67688e-15
1203,1.02684e+06,0,-0.811,-nan,3.24936e-05,2.97075e-05,-nan,-nan,3.67671e-15
1204,1.02684e+06,0,-0.811,-nan,3.24936e-05,2.97074e-05,-nan,-nan,3.67653e-15
1205,1.02684e+06,0,-0.811,-nan,3.24936e-05,2.97074e-05,-nan,-nan,3.67635e-15
1206,1.02684e+06,0,-0.811,-nan,3.24936e-05,2.97074e-05,-nan,-nan,3.67618e-15
1207,1.02684e+06,0,-0.811,-nan,3.24936e-05,2.97074e-05,-nan,-nan,3.676e-15
1208,1.02684e+06,0,-0.811,-nan,3.24936e-05,2.97074e-05,-nan,-nan,3.67582e-15
1209,1.02684e+06,0,-0.811,-nan,3.24936e-05,2.97074e-05,-nan,-nan,3.67565e-15
1210,1.02684e+06,0,-0.811,-nan,3.24935e-05,2.97074e-05,-nan,-nan,3.67547e-15
1211,1.02684e+06,0,-0.811,-nan,3.24935e-05,2.97074e-05,-nan,-nan,3.67529e-15
1212,1.02684e+06,0,-0.811,-nan,3.24935e-05,2.97074e-05,-nan,-nan,3.67512e-15
1213,1.02684e+06,0,-0.811,-nan,3.24935e-05,2.97073e-05,-nan,-nan,3.67494e-15
1214,1.02684e+06,0,-0.811,-nan,3.24935e-05,2.97073e-05,-nan,-nan,3.67477e-15
1215,1.02684e+06,0,-0.811,-nan,3.24935e-05,2.97073e-05,-nan,-nan,3.67459e-15
1216,1.02684e+06,0,-0.811,-nan,3.24935e-05,2.97073e-05,-nan,-nan,3.67441e-15
1217,1.02684e+06,0,-0.811,-nan,3.24935e-05,2.97073e-05,-nan,-nan,3.67424e-15
1218,1.02684e+06,0,-0.811,-nan,3.24935e-05,2.97073e-05,-nan,-nan,3.67406e-15
1219,1.02684e+06,0,-0.811,-nan,3.24935e-05,2.97073e-05,-nan,-nan,3.67388e-15
1220,1.02684e+06,0,-0.811,-nan,3.24935e-05,2.97073e-05,-nan,-nan,3.67371e-15
1221,1.02684e+06,0,-0.811,-nan,3.24934e-05,2.97073e-05,-nan,-nan,3.67353e-15
1222,1.02684e+06,0,-0.811,-nan,3.24934e-05,2.97073e-05,-nan,-nan,3.67335e-15
1223,1.02684e+06,0,-0.811,-nan,3.24934e-05,2.97072e-05,-nan,-nan,3.67318e-15
1224,1.02684e+06,0,-0.811,-nan,3.24934e-05,2.97072e-05,-nan,-nan,3.673e-15
1225,1.02684e+06,0,-0.811,-nan,3.24934e-05,2.97072e-05,-nan,-nan,3.67283e-15
1226,1.02684e+06,0,-0.811,-nan,3.24934e-05,2.97072e-05,-nan,-nan,3.67265e-15
1227,1.02684e+06,0,-0.811,-nan,3.24934e-05,2.97072e-05,-nan,-nan,3.67247e-15
1228,1.02684e+06,0,-0.811,-nan,3.24934e-05,2.97072e-05,-nan,-nan,3.6723e-15
1229,1.02684e+06,0,-0.811,-nan,3.24934e-05,2.97072e-05,-nan,-nan,3.67212e-15
1230,1.02684e+06,0,-0.811,-nan,3.24934e-05,2.97072e-05,-nan,-nan,3.67194e-15
1231,1.02684e+06,0,-0.811,-nan,3.24934e-05,2.97072e-05,-nan,-nan,3.67177e-15
1232,1.02684e+06,0,-0.811,-nan,3.24933e-05,2.97072e-05,-nan,-nan,3.67159e-15
1233,1.02684e+06,0,-0.811,-nan,3.24933e-05,2.97072e-05,-nan,-nan,3.67142e-15
1234,1.02684e+06,0,-0.811,-nan,3.24933e-05,2.97072e-05,-nan,-nan,3.67124e-15
1235,1.02684e+06,0,-0.811,-nan,3.24933e-05,2.97071e-05,-nan,-nan,3.67106e-15
1236,1.02684e+06,0,-0.811,-nan,3.24933e-05,2.97071e-05,-nan,-nan,3.67089e-15
1237,1.02684e+06,0,-0.811,-nan,3.24933e-05,2.97071e-05,-nan,-nan,3.67071e-15
1238,1.02684e+06,0,-0.811,-nan,3.24933e-05,2.97071e-05,-nan,-nan,3.67054e-15
1239,1.02684e+06,0,-0.811,-nan,3.24933e-05,2.97071e-05,-nan,-nan,3.67036e-15
1240,1.02684e+06,0,-0.811,-nan,3.24933e-05,2.97071e-05,-nan,-nan,3.67018e-15
1241,1.02684e+06,0,-0.811,-nan,3.24933e-05,2.97071e-05,-nan,-nan,3.67001e-15
1242,1.02684e+06,0,-0.811,-nan,3.24933e-05,2.97071e-05,-nan,-nan,3.66983e-15
1243,1.02684e+06,0,-0.811,-nan,3.24933e-05,2.97071e-05,-nan,-nan,3.66965e-15
1244,1.02684e+06,0,-0.811,-nan,3.24933e-05,2.97071e-05,-nan,-nan,3.66948e-15
1245,1.02684e+06,0,-0.811,-nan,3.24933e-05,2.97071e-05,-nan,-nan,3.6693e-15
1246,1.02684e+06,0,-0.811,-nan,3.24932e-05,2.97071e-05,-nan,-nan,3.66913e-15
1247,1.02684e+06,0,-0.811,-nan,3.24932e-05,2.97071e-05,-nan,-nan,3.66895e-15
1248,1.02684e+06,0,-0.811,-nan,3.24932e-05,2.9707e-05,-nan,-nan,3.66877e-15
1249,1.02684e+06,0,-0.811,-nan,3.24932e-05,2.9707e-05,-nan,-nan,3.6686e-15
1250,1.02684e+06,0,-0.811,-nan,3.24932e-05,2.9707e-05,-nan,-nan,3.66842e-15
1251,1.02684e+06,0,-0.811,-nan,3.24932e-05,2.9707e-05,-nan,-nan,3.66825e-15
1252,1.02684e+06,0,-0.811,-nan,3.24932e-05,2.9707e-05,-nan,-nan,3.66807e-15
1253,1.02684e+06,0,-0.811,-nan,3.24932e-05,2.9707e-05,-nan,-nan,3.66789e-15
1254,1.02684e+06,0,-0.811,-nan,3.24932e-05,2.9707e-05,-nan,-nan,3.66772e-15
1255,1.02684e+06,0,-0.811,-nan,3.24932e-05,2.9707e-05,-nan,-nan,3.66754e-15
1256,1.02684e+06,0,-0.811,-nan,3.24932e-05,2.9707e-05,-nan,-nan,3.66737e-15
1257,1.02684e+06,0,-0.811,-nan,3.24932e-05,2.9707e-05,-nan,-nan,3.66719e-15
1258,1.02684e+06,0,-0.811,-nan,3.24932e-05,2.9707e-05,-nan,-nan,3.66701e-15
1259,1.02684e+06,0,-0.811,-nan,3.24932e-05,2.9707e-05,-nan,-nan,3.66684e-15
1260,1.02684e+06,0,-0.811,-nan,3.24932e-05,2.9707e-05,-nan,-nan,3.66666e-15
1261,1.02684e+06,0,-0.811,-nan,3.24932e-05,2.9707e-05,-nan,-nan,3.66649e-15
1262,1.02684e+06,0,-0.811,-nan,3.24932e-05,2.9707e-05,-nan,-nan,3.66631e-15
1263,1.02684e+06,0,-0.811,-nan,3.24931e-05,2.97069e-05,-nan,-nan,3.66613e-15
1264,1.02684e+06,0,-0.811,-nan,3.24931e-05,2.97069e-05,-nan,-nan,3.66596e-15
1265,1.02684e+06,0,-0.811,-nan,3.24931e-05,2.97069e-05,-nan,-nan,3.66578e-15
1266,1.02684e+06,0,-0.811,-nan,3.24931e-05,2.97069e-05,-nan,-nan,3.66561e-15
1267,1.02684e+06,0,-0.811,-nan,3.24931e-05,2.97069e-05,-nan,-nan,3.66543e-15
1268,1.02684e+06,0,-0.811,-nan,3.24931e-05,2.97069e-05,-nan,-nan,3.66525e-15
1269,1.02684e+06,0,-0.811,-nan,3.24931e-05,2.97069e-05,-nan,-nan,3.66508e-15
1270,1.02684e+06,0,-0.811,-nan,3.24931e-05,2.97069e-05,-nan,-nan,3.6649e-15
1271,1.02684e+06,0,-0.811,-nan,3.24931e-05,2.97069e-05,-nan,-nan,3.66473e-15
1272,1.02684e+06,0,-0.811,-nan,3.24931e-05,2.97069e-05,-nan,-nan,3.66455e-15
1273,1.02684e+06,0,-0.811,-nan,3.24931e-05,2.97069e-05,-nan,-nan,3.66437e-15
1274,1.02684e+06,0,-0.811,-nan,3.24931e-05,2.97069e-05,-nan,-nan,3.6642e-15
1275,1.02684e+06,0,-0.811,-nan,3.24931e-05,2.97069e-05,-nan,-nan,3.66402e-15
1276,1.02684e+06,0,-0.811,-nan,3.24931e-05,2.97069e-05,-nan,-nan,3.66385e-15
1277,1.02684e+06,0,-0.811,-nan,3.24931e-05,2.97069e-05,-nan,-nan,3.66367e-15
1278,1.02684e+06,0,-0.811,-nan,3.24931e-05,2.97069e-05,-nan,-nan,3.6635e-15
1279,1.02684e+06,0,-0.811,-nan,3.24931e-05,2.97069e-05,-nan,-nan,3.66332e-15
1280,1.02684e+06,0,-0.811,-nan,3.24931e-05,2.97069e-05,-nan,-nan,3.66314e-15
1281,1.02684e+06,0,-0.811,-nan,3.24931e-05,2.97069e-05,-nan,-nan,3.66297e-15
1282,1.02684e+06,0,-0.811,-nan,3.24931e-05,2.97069e-05,-nan,-nan,3.66279e-15
1283,1.02684e+06,0,-0.811,-nan,3.2493e-05,2.97068e-05,-nan,-nan,3.66262e-15
1284,1.02684e+06,0,-0.811,-nan,3.2493e-05,2.97068e-05,-nan,-nan,3.66244e-15
1285,1.02684e+06,0,-0.811,-nan,3.2493e-05,2.97068e-05,-nan,-nan,3.66226e-15
1286,1.02684e+06,0,-0.811,-nan,3.2493e-05,2.97068e-05,-nan,-nan,3.66209e-15
1287,1.02684e+06,0,-0.811,-nan,3.2493e-05,2.97068e-05,-nan,-nan,3.66191e-15
1288,1.02684e+06,0,-0.811,-nan,3.2493e-05,2.97068e-05,-nan,-nan,3.66174e-15
1289,1.02684e+06,0,-0.811,-nan,3.2493e-05,2.97068e-05,-nan,-nan,3.66156e-15
1290,1.02684e+06,0,-0.811,-nan,3.2493e-05,2.97068e-05,-nan,-nan,3.66139e-15
1291,1.02684e+06,0,-0.811,-nan,3.2493e-05,2.97068e-05,-nan,-nan,3.66121e-15
1292,1.02684e+06,0,-0.811,-nan,3.2493e-05,2.97068e-05,-nan,-nan,3.66103e-15
1293,1.02684e+06,0,-0.811,-nan,3.2493e-05,2.97068e-05,-nan,-nan,3.66086e-15
1294,1.02684e+06,0,-0.811,-nan,3.2493e-05,2.97068e-05,-nan,-nan,3.66068e-15
1295,1.02684e+06,0,-0.811,-nan,3.2493e-05,2.97068e-05,-nan,-nan,3.66051e-15
1296,1.02684e+06,0,-0.811,-nan,3.2493e-05,2.97068e-05,-nan,-nan,3.66033e-15
1297,1.02684e+06,0,-0.811,-nan,3.2493e-05,2.97068e-05,-nan,-nan,3.66016e-15
1298,1.02684e+06,0,-0.811,-nan,3.2493e-05,2.97068e-05,-nan,-nan,3.65998e-15
1299,1.02684e+06,0,-0.811,-nan,3.2493e-05,2.97068e-05,-nan,-nan,3.6598e-15
1300,1.02684e+06,0,-0.811,-nan,3.2493e-05,2.97068e-05,-nan,-nan,3.65963e-15
1301,1.02684e+06,0,-0.811,-nan,3.2493e-05,2.97068e-05,-nan,-nan,3.65945e-15
1302,1.02684e+06,0,-0.811,-nan,3.2493e-05,2.97068e-05,-nan,-nan,3.65928e-15
1303,1.02684e+06,0,-0.811,-nan,3.2493e-05,2.97068e-05,-nan,-nan,3.6591e-15
1304,1.02684e+06,0,-0.811,-nan,3.2493e-05,2.97068e-05,-nan,-nan,3.65893e-15
1305,1.02684e+06,0,-0.811,-nan,3.2493e-05,2.97068e-05,-nan,-nan,3.65875e-15
1306,1.02684e+06,0,-0.811,-nan,3.2493e-05,2.97068e-05,-nan,-nan,3.65858e-15
1307,1.02684e+06,0,-0.811,-nan,3.2493e-05,2.97068e-05,-nan,-nan,3.6584e-15
1308,1.02684e+06,0,-0.811,-nan,3.2493e-05,2.97067e-05,-nan,-nan,3.65822e-15
1309,1.02684e+06,0,-0.811,-nan,3.2493e-05,2.97067e-05,-nan,-nan,3.65805e-15
1310,1.02684e+06,0,-0.811,-nan,3.24929e-05,2.97067e-05,-nan,-nan,3.65787e-15
1311,1.02684e+06,0,-0.811,-nan,3.24929e-05,2.97067e-05,-nan,-nan,3.6577e-15
1312,1.02684e+06,0,-0.811,-nan,3.24929e-05,2.97067e-05,-nan,-nan,3.65752e-15
1313,1.02684e+06,0,-0.811,-nan,3.24929e-05,2.97067e-05,-nan,-nan,3.65735e-15
1314,1.02684e+06,0,-0.811,-nan,3.24929e-05,2.97067e-05,-nan,-nan,3.65717e-15
1315,1.02684e+06,0,-0.811,-nan,3.24929e-05,2.97067e-05,-nan,-nan,3.657e-15
1316,1.02684e+06,0,-0.811,-nan,3.24929e-05,2.97067e-05,-nan,-nan,3.65682e-15
1317,1.02684e+06,0,-0.811,-nan,3.24929e-05,2.97067e-05,-nan,-nan,3.65664e-15
1318,1.02684e+06,0,-0.811,-nan,3.24929e-05,2.97067e-05,-nan,-nan,3.65647e-15
1319,1.02684e+06,0,-0.811,-nan,3.24929e-05,2.97067e-05,-nan,-nan,3.65629e-15
1320,1.02684e+06,0,-0.811,-nan,3.24929e-05,2.97067e-05,-nan,-nan,3.65612e-15
1321,1.02684e+06,0,-0.811,-nan,3.24929e-05,2.97067e-05,-nan,-nan,3.65594e-15
1322,1.02684e+06,0,-0.811,-nan,3.24929e-05,2.97067e-05,-nan,-nan,3.65577e-15
1323,1.02684e+06,0,-0.811,-nan,3.24929e-05,2.97067e-05,-nan,-nan,3.65559e-15
1324,1.02684e+06,0,-0.811,-nan,3.24929e-05,2.97067e-05,-nan,-nan,3.65542e-15
1325,1.02684e+06,0,-0.811,-nan,3.24929e-05,2.97067e-05,-nan,-nan,3.65524e-15
1326,1.02684e+06,0,-0.811,-nan,3.24929e-05,2.97067e-05,-nan,-nan,3.65507e-15
1327,1.02684e+06,0,-0.811,-nan,3.24929e-05,2.97067e-05,-nan,-nan,3.65489e-15
1328,1.02684e+06,0,-0.811,-nan,3.24929e-05,2.97067e-05,-nan,-nan,3.65471e-15
1329,1.02684e+06,0,-0.811,-nan,3.24929e-05,2.97067e-05,-nan,-nan,3.65454e-15
1330,1.02684e+06,0,-0.811,-nan,3.24929e-05,2.97067e-05,-nan,-nan,3.65436e-15
1331,1.02684e+06,0,-0.811,-nan,3.24929e-05,2.97067e-05,-nan,-nan,3.65419e-15
1332,1.02684e+06,0,-0.811,-nan,3.24929e-05,2.97067e-05,-nan,-nan,3.65401e-15
1333,1.02684e+06,0,-0.811,-nan,3.24929e-05,2.97067e-05,-nan,-nan,3.65384e-15
1334,1.02684e+06,0,-0.811,-nan,3.24929e-05,2.97067e-05,-nan,-nan,3.65366e-15
1335,1.02684e+06,0,-0.811,-nan,3.24929e-05,2.97067e-05,-nan,-nan,3.65349e-15
1336,1.02684e+06,0,-0.811,-nan,3.24929e-05,2.97067e-05,-nan,-nan,3.65331e-15
1337,1.02684e+06,0,-0.811,-nan,3.24929e-05,2.97067e-05,-nan,-nan,3.65314e-15
1338,1.02684e+06,0,-0.811,-nan,3.24929e-05,2.97067e-05,-nan,-nan,3.65296e-15
1339,1.02684e+06,0,-0.811,-nan,3.24929e-05,2.97067e-05,-nan,-nan,3.65279e-15
1340,1.02684e+06,0,-0.811,-nan,3.24929e-05,2.97067e-05,-nan,-nan,3.65261e-15
1341,1.02684e+06,0,-0.811,-nan,3.24929e-05,2.97067e-05,-nan,-nan,3.65243e-15
1342,1.02684e+06,0,-0.811,-nan,3.24929e-05,2.97067e-05,-nan,-nan,3.65226e-15
1343,1.02684e+06,0,-0.811,-nan,3.24929e-05,2.97067e-05,-nan,-nan,3.65208e-15
1344,1.02684e+06,0,-0.811,-nan,3.24929e-05,2.97066e-05,-nan,-nan,3.65191e-15
1345,1.02684e+06,0,-0.811,-nan,3.24929e-05,2.97066e-05,-nan,-nan,3.65173e-15
1346,1.02684e+06,0,-0.811,-nan,3.24929e-05,2.97066e-05,-nan,-nan,3.65156e-15
1347,1.02684e+06,0,-0.811,-nan,3.24929e-05,2.97066e-05,-nan,-nan,3.65138e-15
1348,1.02684e+06,0,-0.811,-nan,3.24929e-05,2.97066e-05,-nan,-nan,3.65121e-15
1349,1.02684e+06,0,-0.811,-nan,3.24929e-05,2.97066e-05,-nan,-nan,3.65103e-15
1350,1.02684e+06,0,-0.811,-nan,3.24929e-05,2.97066e-05,-nan,-nan,3.65086e-15
1351,1.02684e+06,0,-0.811,-nan,3.24928e-05,2.97066e-05,-nan,-nan,3.65068e-15
1352,1.02684e+06,0,-0.811,-nan,3.24928e-05,2.97066e-05,-nan,-nan,3.65051e-15
1353,1.02684e+06,0,-0.811,-nan,3.24928e-05,2.97066e-05,-nan,-nan,3.65033e-15
1354,1.02684e+06,0,-0.811,-nan,3.24928e-05,2.97066e-05,-nan,-nan,3.65016e-15
1355,1.02684e+06,0,-0.811,-nan,3.24928e-05,2.97066e-05,-nan,-nan,3.64998e-15
1356,1.02684e+06,0,-0.811,-nan,3.24928e-05,2.97066e-05,-nan,-nan,3.64981e-15
1357,1.02684e+06,0,-0.811,-nan,3.24928e-05,2.97066e-05,-nan,-nan,3.64963e-15
1358,1.02684e+06,0,-0.811,-nan,3.24928e-05,2.97066e-05,-nan,-nan,3.64946e-15
1359,1.02684e+06,0,-0.811,-nan,3.24928e-05,2.97066e-05,-nan,-nan,3.64928e-15
1360,1.02684e+06,0,-0.811,-nan,3.24928e-05,2.97066e-05,-nan,-nan,3.64911e-15
1361,1.02684e+06,0,-0.811,-nan,3.24928e-05,2.97066e-05,-nan,-nan,3.64893e-15
1362,1.02684e+06,0,-0.811,-nan,3.24928e-05,2.97066e-05,-nan,-nan,3.64875e-15
1363,1.02684e+06,0,-0.811,-nan,3.24928e-05,2.97066e-05,-nan,-nan,3.64858e-15
1364,1.02684e+06,0,-0.811,-nan,3.24928e-05,2.97066e-05,-nan,-nan,3.6484e-15
1365,1.02684e+06,0,-0.811,-nan,3.24928e-05,2.97066e-05,-nan,-nan,3.64823e-15
1366,1.02684e+06,0,-0.811,-nan,3.24928e-05,2.97066e-05,-nan,-nan,3.64805e-15
1367,1.02684e+06,0,-0.811,-nan,3.24928e-05,2.97066e-05,-nan,-nan,3.64788e-15
1368,1.02684e+06,0,-0.811,-nan,3.24928e-05,2.97066e-05,-nan,-nan,3.6477e-15
1369,1.02684e+06,0,-0.811,-nan,3.24928e-05,2.97066e-05,-nan,-nan,3.64753e-15
1370,1.02684e+06,0,-0.811,-nan,3.24928e-05,2.97066e-05,-nan,-nan,3.64735e-15
1371,1.02684e+06,0,-0.811,-nan,3.24928e-05,2.97066e-05,-nan,-nan,3.64718e-15
1372,1.02684e+06,0,-0.811,-nan,3.24928e-05,2.97066e-05,-nan,-nan,3.647e-15
1373,1.02684e+06,0,-0.811,-nan,3.24928e-05,2.97066e-05,-nan,-nan,3.64683e-15
1374,1.02684e+06,0,-0.811,-nan,3.24928e-05,2.97066e-05,-nan,-nan,3.64665e-15
1375,1.02684e+06,0,-0.811,-nan,3.24928e-05,2.97066e-05,-nan,-nan,3.64648e-15
1376,1.02684e+06,0,-0.811,-nan,3.24928e-05,2.97066e-05,-nan,-nan,3.6463e-15
1377,1.02684e+06,0,-0.811,-nan,3.24928e-05,2.97066e-05,-nan,-nan,3.64613e-15
1378,1.02684e+06,0,-0.811,-nan,3.24928e-05,2.97066e-05,-nan,-nan,3.64595e-15
1379,1.02684e+06,0,-0.811,-nan,3.24928e-05,2.97066e-05,-nan,-nan,3.64578e-15
1380,1.02684e+06,0,-0.811,-nan,3.24928e-05,2.97066e-05,-nan,-nan,3.6456e-15
1381,1.02684e+06,0,-0.811,-nan,3.24928e-05,2.97066e-05,-nan,-nan,3.64543e-15
1382,1.02684e+06,0,-0.811,-nan,3.24928e-05,2.97066e-05,-nan,-nan,3.64525e-15
1383,1.02684e+06,0,-0.811,-nan,3.24928e-05,2.97066e-05,-nan,-nan,3.64508e-15
1384,1.02684e+06,0,-0.811,-nan,3.24928e-05,2.97066e-05,-nan,-nan,3.6449e-15
1385,1.02684e+06,0,-0.811,-nan,3.24928e-05,2.97066e-05,-nan,-nan,3.64473e-15
1386,1.02684e+06,0,-0.811,-nan,3.24928e-05,2.97066e-05,-nan,-nan,3.64455e-15
1387,1.02684e+06,0,-0.811,-nan,3.24928e-05,2.97066e-05,-nan,-nan,3.64438e-15
1388,1.02684e+06,0,-0.811,-nan,3.24928e-05,2.97066e-05,-nan,-nan,3.6442e-15
1389,1.02684e+06,0,-0.811,-nan,3.24928e-05,2.97066e-05,-nan,-nan,3.64403e-15
1390,1.02684e+06,0,-0.811,-nan,3.24928e-05,2.97066e-05,-nan,-nan,3.64385e-15
1391,1.02684e+06,0,-0.811,-nan,3.24928e-05,2.97066e-05,-nan,-nan,3.64368e-15
1392,1.02684e+06,0,-0.811,-nan,3.24928e-05,2.97066e-05,-nan,-nan,3.6435e-15
1393,1.02684e+06,0,-0.811,-nan,3.24928e-05,2.97066e-05,-nan,-nan,3.64333e-15
1394,1.02684e+06,0,-0.811,-nan,3.24928e-05,2.97066e-05,-nan,-nan,3.64315e-15
1395,1.02684e+06,0,-0.811,-nan,3.24928e-05,2.97066e-05,-nan,-nan,3.64298e-15
1396,1.02684e+06,0,-0.811,-nan,3.24928e-05,2.97066e-05,-nan,-nan,3.64281e-15
1397,1.02684e+06,0,-0.811,-nan,3.24928e-05,2.97066e-05,-nan,-nan,3.64263e-15
1398,1.02684e+06,0,-0.811,-nan,3.24928e-05,2.97066e-05,-nan,-nan,3.64246e-15
1399,1.02684e+06,0,-0.811,-nan,3.24928e-05,2.97066e-05,-nan,-nan,3.64228e-15
1400,1.02684e+06,0,-0.811,-nan,3.24928e-05,2.97066e-05,-nan,-nan,3.64211e-15
1401,1.02684e+06,0,-0.811,-nan,3.24928e-05,2.97066e-05,-nan,-nan,3.64193e-15
1402,1.02684e+06,0,-0.811,-nan,3.24928e-05,2.97066e-05,-nan,-nan,3.64176e-15
1403,1.02684e+06,0,-0.811,-nan,3.24928e-05,2.97066e-05,-nan,-nan,3.64158e-15
1404,1.02684e+06,0,-0.811,-nan,3.24928e-05,2.97066e-05,-nan,-nan,3.64141e-15
1405,1.02684e+06,0,-0.811,-nan,3.24928e-05,2.97066e-05,-nan,-nan,3.64123e-15
1406,1.02684e+06,0,-0.811,-nan,3.24928e-05,2.97066e-05,-nan,-nan,3.64106e-15
1407,1.02684e+06,0,-0.811,-nan,3.24928e-05,2.97066e-05,-nan,-nan,3.64088e-15
1408,1.02684e+06,0,-0.811,-nan,3.24928e-05,2.97066e-05,-nan,-nan,3.64071e-15
1409,1.02684e+06,0,-0.811,-nan,3.24928e-05,2.97065e-05,-nan,-nan,3.64053e-15
1410,1.02684e+06,0,-0.811,-nan,3.24928e-05,2.97065e-05,-nan,-nan,3.64036e-15
1411,1.02684e+06,0,-0.811,-nan,3.24928e-05,2.97065e-05,-nan,-nan,3.64018e-15
1412,1.02684e+06,0,-0.811,-nan,3.24928e-05,2.97065e-05,-nan,-nan,3.64001e-15
1413,1.02684e+06,0,-0.811,-nan,3.24928e-05,2.97065e-05,-nan,-nan,3.63983e-15
1414,1.02684e+06,0,-0.811,-nan,3.24928e-05,2.97065e-05,-nan,-nan,3.63966e-15
1415,1.02684e+06,0,-0.811,-nan,3.24928e-05,2.97065e-05,-nan,-nan,3.63948e-15
1416,1.02684e+06,0,-0.811,-nan,3.24928e-05,2.97065e-05,-nan,-nan,3.63931e-15
1417,1.02684e+06,0,-0.811,-nan,3.24928e-05,2.97065e-05,-nan,-nan,3.63914e-15
1418,1.02684e+06,0,-0.811,-nan,3.24928e-05,2.97065e-05,-nan,-nan,3.63896e-15
1419,1.02684e+06,0,-0.811,-nan,3.24928e-05,2.97065e-05,-nan,-nan,3.63879e-15
1420,1.02684e+06,0,-0.811,-nan,3.24928e-05,2.97065e-05,-nan,-nan,3.63861e-15
1421,1.02684e+06,0,-0.811,-nan,3.24928e-05,2.97065e-05,-nan,-nan,3.63844e-15
1422,1.02684e+06,0,-0.811,-nan,3.24928e-05,2.97065e-05,-nan,-nan,3.63826e-15
1423,1.02684e+06,0,-0.811,-nan,3.24928e-05,2.97065e-05,-nan,-nan,3.63809e-15
1424,1.02684e+06,0,-0.811,-nan,3.24928e-05,2.97065e-05,-nan,-nan,3.63791e-15
1425,1.02684e+06,0,-0.811,-nan,3.24928e-05,2.97065e-05,-nan,-nan,3.63774e-15
1426,1.02684e+06,0,-0.811,-nan,3.24928e-05,2.97065e-05,-nan,-nan,3.63756e-15
1427,1.02684e+06,0,-0.811,-nan,3.24928e-05,2.97065e-05,-nan,-nan,3.63739e-15
1428,1.02684e+06,0,-0.811,-nan,3.24928e-05,2.97065e-05,-nan,-nan,3.63721e-15
1429,1.02684e+06,0,-0.811,-nan,3.24928e-05,2.97065e-05,-nan,-nan,3.63704e-15
1430,1.02684e+06,0,-0.811,-nan,3.24928e-05,2.97065e-05,-nan,-nan,3.63687e-15
1431,1.02684e+06,0,-0.811,-nan,3.24928e-05,2.97065e-05,-nan,-nan,3.63669e-15
1432,1.02684e+06,0,-0.811,-nan,3.24928e-05,2.97065e-05,-nan,-nan,3.63652e-15
1433,1.02684e+06,0,-0.811,-nan,3.24928e-05,2.97065e-05,-nan,-nan,3.63634e-15
1434,1.02684e+06,0,-0.811,-nan,3.24927e-05,2.97065e-05,-nan,-nan,3.63617e-15
1435,1.02684e+06,0,-0.811,-nan,3.24927e-05,2.97065e-05,-nan,-nan,3.63599e-15
1436,1.02684e+06,0,-0.811,-nan,3.24927e-05,2.97065e-05,-nan,-nan,3.63582e-15
1437,1.02684e+06,0,-0.811,-nan,3.24927e-05,2.97065e-05,-nan,-nan,3.63564e-15
1438,1.02684e+06,0,-0.811,-nan,3.24927e-05,2.97065e-05,-nan,-nan,3.63547e-15
1439,1.02684e+06,0,-0.811,-nan,3.24927e-05,2.97065e-05,-nan,-nan,3.63529e-15
1440,1.02684e+06,0,-0.811,-nan,3.24927e-05,2.97065e-05,-nan,-nan,3.63512e-15
1441,1.02684e+06,0,-0.811,-nan,3.24927e-05,2.97065e-05,-nan,-nan,3.63495e-15
1442,1.02684e+06,0,-0.811,-nan,3.24927e-05,2.97065e-05,-nan,-nan,3.63477e-15
1443,1.02684e+06,0,-0.811,-nan,3.24927e-05,2.97065e-05,-nan,-nan,3.6346e-15
1444,1.02684e+06,0,-0.811,-nan,3.24927e-05,2.97065e-05,-nan,-nan,3.63442e-15
1445,1.02684e+06,0,-0.811,-nan,3.24927e-05,2.97065e-05,-nan,-nan,3.63425e-15
1446,1.02684e+06,0,-0.811,-nan,3.24927e-05,2.97065e-05,-nan,-nan,3.63407e-15
1447,1.02684e+06,0,-0.811,-nan,3.24927e-05,2.97065e-05,-nan,-nan,3.6339e-15
1448,1.02684e+06,0,-0.811,-nan,3.24927e-05,2.97065e-05,-nan,-nan,3.63372e-15
1449,1.02684e+06,0,-0.811,-nan,3.24927e-05,2.97065e-05,-nan,-nan,3.63355e-15
1450,1.02684e+06,0,-0.811,-nan,3.24927e-05,2.97065e-05,-nan,-nan,3.63338e-15
1451,1.02684e+06,0,-0.811,-nan,3.24927e-05,2.97065e-05,-nan,-nan,3.6332e-15
1452,1.02684e+06,0,-0.811,-nan,3.24927e-05,2.97065e-05,-nan,-nan,3.63303e-15
1453,1.02684e+06,0,-0.811,-nan,3.24927e-05,2.97065e-05,-nan,-nan,3.63285e-15
1454,1.02684e+06,0,-0.811,-nan,3.24927e-05,2.97065e-05,-nan,-nan,3.63268e-15
1455,1.02684e+06,0,-0.811,-nan,3.24927e-05,2.97065e-05,-nan,-nan,3.6325e-15
1456,1.02684e+06,0,-0.811,-nan,3.24927e-05,2.97065e-05,-nan,-nan,3.63233e-15
1457,1.02684e+06,0,-0.811,-nan,3.24927e-05,2.97065e-05,-nan,-nan,3.63215e-15
1458,1.02684e+06,0,-0.811,-nan,3.24927e-05,2.97065e-05,-nan,-nan,3.63198e-15
1459,1.02684e+06,0,-0.811,-nan,3.24927e-05,2.97065e-05,-nan,-nan,3.63181e-15
1460,1.02684e+06,0,-0.811,-nan,3.24927e-05,2.97065e-05,-nan,-nan,3.63163e-15
1461,1.02684e+06,0,-0.811,-nan,3.24927e-05,2.97065e-05,-nan,-nan,3.63146e-15
1462,1.02684e+06,0,-0.811,-nan,3.24927e-05,2.97065e-05,-nan,-nan,3.63128e-15
1463,1.02684e+06,0,-0.811,-nan,3.24927e-05,2.97065e-05,-nan,-nan,3.63111e-15
1464,1.02684e+06,0,-0.811,-nan,3.24927e-05,2.97065e-05,-nan,-nan,3.63093e-15
1465,1.02684e+06,0,-0.811,-nan,3.24927e-05,2.97065e-05,-nan,-nan,3.63076e-15
1466,1.02684e+06,0,-0.811,-nan,3.24927e-05,2.97065e-05,-nan,-nan,3.63059e-15
1467,1.02684e+06,0,-0.811,-nan,3.24927e-05,2.97065e-05,-nan,-nan,3.63041e-15
1468,1.02684e+06,0,-0.811,-nan,3.24927e-05,2.97065e-05,-nan,-nan,3.63024e-15
1469,1.02684e+06,0,-0.811,-nan,3.24927e-05,2.97065e-05,-nan,-nan,3.63006e-15
1470,1.02684e+06,0,-0.811,-nan,3.24927e-05,2.97065e-05,-nan,-nan,3.62989e-15
1471,1.02684e+06,0,-0.811,-nan,3.24927e-05,2.97065e-05,-nan,-nan,3.62971e-15
1472,1.02684e+06,0,-0.811,-nan,3.24927e-05,2.97065e-05,-nan,-nan,3.62954e-15
1473,1.02684e+06,0,-0.811,-nan,3.24927e-05,2.97065e-05,-nan,-nan,3.62937e-15
1474,1.02684e+06,0,-0.811,-nan,3.24927e-05,2.97065e-05,-nan,-nan,3.62919e-15
1475,1.02684e+06,0,-0.811,-nan,3.24927e-05,2.97065e-05,-nan,-nan,3.62902e-15
1476,1.02684e+06,0,-0.811,-nan,3.24927e-05,2.97065e-05,-nan,-nan,3.62884e-15
1477,1.02684e+06,0,-0.811,-nan,3.24927e-05,2.97065e-05,-nan,-nan,3.62867e-15
1478,1.02684e+06,0,-0.811,-nan,3.24927e-05,2.97065e-05,-nan,-nan,3.6285e-15
1479,1.02684e+06,0,-0.811,-nan,3.24927e-05,2.97065e-05,-nan,-nan,3.62832e-15
1480,1.02684e+06,0,-0.811,-nan,3.24927e-05,2.97065e-05,-nan,-nan,3.62815e-15
1481,1.02684e+06,0,-0.811,-nan,3.24927e-05,2.97065e-05,-nan,-nan,3.62797e-15
1482,1.02684e+06,0,-0.811,-nan,3.24927e-05,2.97065e-05,-nan,-nan,3.6278e-15
1483,1.02684e+06,0,-0.811,-nan,3.24927e-05,2.97065e-05,-nan,-nan,3.62762e-15
1484,1.02684e+06,0,-0.811,-nan,3.24927e-05,2.97065e-05,-nan,-nan,3.62745e-15
1485,1.02684e+06,0,-0.811,-nan,3.24927e-05,2.97065e-05,-nan,-nan,3.62728e-15
1486,1.02684e+06,0,-0.811,-nan,3.24927e-05,2.97065e-05,-nan,-nan,3.6271e-15
1487,1.02684e+06,0,-0.811,-nan,3.24927e-05,2.97065e-05,-nan,-nan,3.62693e-15
1488,1.02684e+06,0,-0.811,-nan,3.24927e-05,2.97065e-05,-nan,-nan,3.62675e-15
1489,1.02684e+06,0,-0.811,-nan,3.24927e-05,2.97065e-05,-nan,-nan,3.62658e-15
1490,1.02684e+06,0,-0.811,-nan,3.24927e-05,2.97065e-05,-nan,-nan,3.62641e-15
1491,1.02684e+06,0,-0.811,-nan,3.24927e-05,2.97065e-05,-nan,-nan,3.62623e-15
1492,1.02684e+06,0,-0.811,-nan,3.24927e-05,2.97065e-05,-nan,-nan,3.62606e-15
1493,1.02684e+06,0,-0.811,-nan,3.24927e-05,2.97065e-05,-nan,-nan,3.62588e-15
1494,1.02684e+06,0,-0.811,-nan,3.24927e-05,2.97065e-05,-nan,-nan,3.62571e-15
1495,1.02684e+06,0,-0.811,-nan,3.24927e-05,2.97065e-05,-nan,-nan,3.62554e-15
1496,1.02684e+06,0,-0.811,-nan,3.24927e-05,2.97065e-05,-nan,-nan,3.62536e-15
1497,1.02684e+06,0,-0.811,-nan,3.24927e-05,2.97065e-05,-nan,-nan,3.62519e-15
1498,1.02684e+06,0,-0.811,-nan,3.24927e-05,2.97065e-05,-nan,-nan,3.62501e-15
1499,1.02684e+06,0,-0.811,-nan,3.24927e-05,2.97065e-05,-nan,-nan,3.62484e-15
1500,1.02684e+06,0,-0.811,-nan,3.24927e-05,2.97065e-05,-nan,-nan,3.62467e-15
1501,1.02684e+06,0,-0.811,-nan,3.24927e-05,2.97065e-05,-nan,-nan,3.62449e-15
1502,1.02684e+06,0,-0.811,-nan,3.24927e-05,2.97065e-05,-nan,-nan,3.62432e-15
1503,1.02684e+06,0,-0.811,-nan,3.24927e-05,2.97065e-05,-nan,-nan,3.62414e-15
1504,1.02684e+06,0,-0.811,-nan,3.24927e-05,2.97065e-05,-nan,-nan,3.62397e-15
1505,1.02684e+06,0,-0.811,-nan,3.24927e-05,2.97065e-05,-nan,-nan,3.6238e-15
1506,1.02684e+06,0,-0.811,-nan,3.24927e-05,2.97065e-05,-nan,-nan,3.62362e-15
1507,1.02684e+06,0,-0.811,-nan,3.24927e-05,2.97065e-05,-nan,-nan,3.62345e-15
1508,1.02684e+06,0,-0.811,-nan,3.24927e-05,2.97065e-05,-nan,-nan,3.62327e-15
1509,1.02684e+06,0,-0.811,-nan,3.24927e-05,2.97065e-05,-nan,-nan,3.6231e-15
1510,1.02684e+06,0,-0.811,-nan,3.24927e-05,2.97065e-05,-nan,-nan,3.62293e-15
1511,1.02684e+06,0,-0.811,-nan,3.24927e-05,2.97065e-05,-nan,-nan,3.62275e-15
1512,1.02684e+06,0,-0.811,-nan,3.24927e-05,2.97065e-05,-nan,-nan,3.62258e-15
1513,1.02684e+06,0,-0.811,-nan,3.24927e-05,2.97065e-05,-nan,-nan,3.6224e-15
1514,1.02684e+06,0,-0.811,-nan,3.24927e-05,2.97065e-05,-nan,-nan,3.62223e-15
1515,1.02684e+06,0,-0.811,-nan,3.24927e-05,2.97065e-05,-nan,-nan,3.62206e-15
1516,1.02684e+06,0,-0.811,-nan,3.24927e-05,2.97065e-05,-nan,-nan,3.62188e-15
1517,1.02684e+06,0,-0.811,-nan,3.24927e-05,2.97065e-05,-nan,-nan,3.62171e-15
1518,1.02684e+06,0,-0.811,-nan,3.24927e-05,2.97065e-05,-nan,-nan,3.62154e-15
1519,1.02684e+06,0,-0.811,-nan,3.24927e-05,2.97065e-05,-nan,-nan,3.62136e-15
1520,1.02684e+06,0,-0.811,-nan,3.24927e-05,2.97065e-05,-nan,-nan,3.62119e-15
1521,1.02684e+06,0,-0.811,-nan,3.24927e-05,2.97065e-05,-nan,-nan,3.62101e-15
1522,1.02684e+06,0,-0.811,-nan,3.24927e-05,2.97065e-05,-nan,-nan,3.62084e-15
1523,1.02684e+06,0,-0.811,-nan,3.24927e-05,2.97065e-05,-nan,-nan,3.62067e-15
1524,1.02684e+06,0,-0.811,-nan,3.24927e-05,2.97065e-05,-nan,-nan,3.62049e-15
1525,1.02684e+06,0,-0.811,-nan,3.24927e-05,2.97065e-05,-nan,-nan,3.62032e-15
1526,1.02684e+06,0,-0.811,-nan,3.24927e-05,2.97065e-05,-nan,-nan,3.62015e-15
1527,1.02684e+06,0,-0.811,-nan,3.24927e-05,2.97065e-05,-nan,-nan,3.61997e-15
1528,1.02684e+06,0,-0.811,-nan,3.24927e-05,2.97065e-05,-nan,-nan,3.6198e-15
1529,1.02684e+06,0,-0.811,-nan,3.24927e-05,2.97065e-05,-nan,-nan,3.61962e-15
1530,1.02684e+06,0,-0.811,-nan,3.24927e-05,2.97065e-05,-nan,-nan,3.61945e-15
1531,1.02684e+06,0,-0.811,-nan,3.24927e-05,2.97065e-05,-nan,-nan,3.61928e-15
1532,1.02684e+06,0,-0.811,-nan,3.24927e-05,2.97065e-05,-nan,-nan,3.6191e-15
1533,1.02684e+06,0,-0.811,-nan,3.24927e-05,2.97065e-05,-nan,-nan,3.61893e-15
1534,1.02684e+06,0,-0.811,-nan,3.24927e-05,2.97065e-05,-nan,-nan,3.61876e-15
1535,1.02684e+06,0,-0.811,-nan,3.24927e-05,2.97065e-05,-nan,-nan,3.61858e-15
1536,1.02684e+06,0,-0.811,-nan,3.24927e-05,2.97065e-05,-nan,-nan,3.61841e-15
1537,1.02684e+06,0,-0.811,-nan,3.24927e-05,2.97065e-05,-nan,-nan,3.61823e-15
1538,1.02684e+06,0,-0.811,-nan,3.24927e-05,2.97065e-05,-nan,-nan,3.61806e-15
1539,1.02684e+06,0,-0.811,-nan,3.24927e-05,2.97065e-05,-nan,-nan,3.61789e-15
1540,1.02684e+06,0,-0.811,-nan,3.24927e-05,2.97065e-05,-nan,-nan,3.61771e-15
1541,1.02684e+06,0,-0.811,-nan,3.24927e-05,2.97065e-05,-nan,-nan,3.61754e-15
1542,1.02684e+06,0,-0.811,-nan,3.24927e-05,2.97065e-05,-nan,-nan,3.61737e-15
1543,1.02684e+06,0,-0.811,-nan,3.24927e-05,2.97065e-05,-nan,-nan,3.61719e-15
1544,1.02684e+06,0,-0.811,-nan,3.24927e-05,2.97065e-05,-nan,-nan,3.61702e-15
1545,1.02684e+06,0,-0.811,-nan,3.24927e-05,2.97065e-05,-nan,-nan,3.61685e-15
1546,1.02684e+06,0,-0.811,-nan,3.24927e-05,2.97065e-05,-nan,-nan,3.61667e-15
1547,1.02684e+06,0,-0.811,-nan,3.24927e-05,2.97065e-05,-nan,-nan,3.6165e-15
1548,1.02684e+06,0,-0.811,-nan,3.24927e-05,2.97065e-05,-nan,-nan,3.61632e-15
1549,1.02684e+06,0,-0.811,-nan,3.24927e-05,2.97065e-05,-nan,-nan,3.61615e-15
1550,1.02684e+06,0,-0.811,-nan,3.24927e-05,2.97065e-05,-nan,-nan,3.61598e-15
1551,1.02684e+06,0,-0.811,-nan,3.24927e-05,2.97065e-05,-nan,-nan,3.6158e-15
1552,1.02684e+06,0,-0.811,-nan,3.24927e-05,2.97065e-05,-nan,-nan,3.61563e-15
1553,1.02684e+06,0,-0.811,-nan,3.24927e-05,2.97065e-05,-nan,-nan,3.61546e-15
1554,1.02684e+06,0,-0.811,-nan,3.24927e-05,2.97065e-05,-nan,-nan,3.61528e-15
1555,1.02684e+06,0,-0.811,-nan,3.24927e-05,2.97065e-05,-nan,-nan,3.61511e-15
1556,1.02684e+06,0,-0.811,-nan,3.24927e-05,2.97065e-05,-nan,-nan,3.61494e-15
1557,1.02684e+06,0,-0.811,-nan,3.24927e-05,2.97065e-05,-nan,-nan,3.61476e-15
1558,1.02684e+06,0,-0.811,-nan,3.24927e-05,2.97065e-05,-nan,-nan,3.61459e-15
1559,1.02684e+06,0,-0.811,-nan,3.24927e-05,2.97065e-05,-nan,-nan,3.61442e-15
1560,1.02684e+06,0,-0.811,-nan,3.24927e-05,2.97065e-05,-nan,-nan,3.61424e-15
1561,1.02684e+06,0,-0.811,-nan,3.24927e-05,2.97065e-05,-nan,-nan,3.61407e-15
1562,1.02684e+06,0,-0.811,-nan,3.24927e-05,2.97065e-05,-nan,-nan,3.6139e-15
1563,1.02684e+06,0,-0.811,-nan,3.24927e-05,2.97065e-05,-nan,-nan,3.61372e-15
1564,1.02684e+06,0,-0.811,-nan,3.24927e-05,2.97065e-05,-nan,-nan,3.61355e-15
1565,1.02684e+06,0,-0.811,-nan,3.24927e-05,2.97065e-05,-nan,-nan,3.61337e-15
1566,1.02684e+06,0,-0.811,-nan,3.24927e-05,2.97065e-05,-nan,-nan,3.6132e-15
1567,1.02684e+06,0,-0.811,-nan,3.24927e-05,2.97065e-05,-nan,-nan,3.61303e-15
1568,1.02684e+06,0,-0.811,-nan,3.24927e-05,2.97065e-05,-nan,-nan,3.61285e-15
1569,1.02684e+06,0,-0.811,-nan,3.24927e-05,2.97065e-05,-nan,-nan,3.61268e-15
1570,1.02684e+06,0,-0.811,-nan,3.24927e-05,2.97065e-05,-nan,-nan,3.61251e-15
1571,1.02684e+06,0,-0.811,-nan,3.24927e-05,2.97065e-05,-nan,-nan,3.61233e-15
1572,1.02684e+06,0,-0.811,-nan,3.24927e-05,2.97065e-05,-nan,-nan,3.61216e-15
1573,1.02684e+06,0,-0.811,-nan,3.24927e-05,2.97065e-05,-nan,-nan,3.61199e-15
1574,1.02684e+06,0,-0.811,-nan,3.24927e-05,2.97065e-05,-nan,-nan,3.61181e-15
1575,1.02684e+06,0,-0.811,-nan,3.24927e-05,2.97065e-05,-nan,-nan,3.61164e-15
1576,1.02684e+06,0,-0.811,-nan,3.24927e-05,2.97065e-05,-nan,-nan,3.61147e-15
1577,1.02684e+06,0,-0.811,-nan,3.24927e-05,2.97065e-05,-nan,-nan,3.61129e-15
1578,1.02684e+06,0,-0.811,-nan,3.24927e-05,2.97065e-05,-nan,-nan,3.61112e-15
1579,1.02684e+06,0,-0.811,-nan,3.24927e-05,2.97065e-05,-nan,-nan,3.61095e-15
1580,1.02684e+06,0,-0.811,-nan,3.24927e-05,2.97065e-05,-nan,-nan,3.61077e-15
1581,1.02684e+06,0,-0.811,-nan,3.24927e-05,2.97065e-05,-nan,-nan,3.6106e-15
1582,1.02684e+06,0,-0.811,-nan,3.24927e-05,2.97065e-05,-nan,-nan,3.61043e-15
1583,1.02684e+06,0,-0.811,-nan,3.24927e-05,2.97065e-05,-nan,-nan,3.61025e-15
1584,1.02684e+06,0,-0.811,-nan,3.24927e-05,2.97065e-05,-nan,-nan,3.61008e-15
1585,1.02684e+06,0,-0.811,-nan,3.24927e-05,2.97065e-05,-nan,-nan,3.60991e-15
1586,1.02684e+06,0,-0.811,-nan,3.24927e-05,2.97065e-05,-nan,-nan,3.60973e-15
1587,1.02684e+06,0,-0.811,-nan,3.24927e-05,2.97065e-05,-nan,-nan,3.60956e-15
1588,1.02684e+06,0,-0.811,-nan,3.24927e-05,2.97065e-05,-nan,-nan,3.60939e-15
1589,1.02684e+06,0,-0.811,-nan,3.24927e-05,2.97065e-05,-nan,-nan,3.60921e-15
1590,1.02684e+06,0,-0.811,-nan,3.24927e-05,2.97065e-05,-nan,-nan,3.60904e-15
1591,1.02684e+06,0,-0.811,-nan,3.24927e-05,2.97065e-05,-nan,-nan,3.60887e-15
1592,1.02684e+06,0,-0.811,-nan,3.24927e-05,2.97065e-05,-nan,-nan,3.60869e-15
1593,1.02684e+06,0,-0.811,-nan,3.24927e-05,2.97065e-05,-nan,-nan,3.60852e-15
1594,1.02684e+06,0,-0.811,-nan,3.24927e-05,2.97065e-05,-nan,-nan,3.60835e-15
1595,1.02684e+06,0,-0.811,-nan,3.24927e-05,2.97065e-05,-nan,-nan,3.60818e-15
1596,1.02684e+06,0,-0.811,-nan,3.24927e-05,2.97065e-05,-nan,-nan,3.608e-15
1597,1.02684e+06,0,-0.811,-nan,3.24927e-05,2.97065e-05,-nan,-nan,3.60783e-15
1598,1.02684e+06,0,-0.811,-nan,3.24927e-05,2.97065e-05,-nan,-nan,3.60766e-15
1599,1.02684e+06,0,-0.811,-nan,3.24927e-05,2.97065e-05,-nan,-nan,3.60748e-15
1600,1.02684e+06,0,-0.811,-nan,3.24927e-05,2.97065e-05,-nan,-nan,3.60731e-15
1601,1.02684e+06,0,-0.811,-nan,3.24927e-05,2.97065e-05,-nan,-nan,3.60714e-15
1602,1.02684e+06,0,-0.811,-nan,3.24927e-05,2.97065e-05,-nan,-nan,3.60696e-15
1603,1.02684e+06,0,-0.811,-nan,3.24927e-05,2.97065e-05,-nan,-nan,3.60679e-15
1604,1.02684e+06,0,-0.811,-nan,3.24927e-05,2.97065e-05,-nan,-nan,3.60662e-15
1605,1.02684e+06,0,-0.811,-nan,3.24927e-05,2.97065e-05,-nan,-nan,3.60644e-15
1606,1.02684e+06,0,-0.811,-nan,3.24927e-05,2.97065e-05,-nan,-nan,3.60627e-15
1607,1.02684e+06,0,-0.811,-nan,3.24927e-05,2.97065e-05,-nan,-nan,3.6061e-15
1608,1.02684e+06,0,-0.811,-nan,3.24927e-05,2.97065e-05,-nan,-nan,3.60592e-15
1609,1.02684e+06,0,-0.811,-nan,3.24927e-05,2.97065e-05,-nan,-nan,3.60575e-15
1610,1.02684e+06,0,-0.811,-nan,3.24927e-05,2.97065e-05,-nan,-nan,3.60558e-15
1611,1.02684e+06,0,-0.811,-nan,3.24927e-05,2.97065e-05,-nan,-nan,3.60541e-15
1612,1.02684e+06,0,-0.811,-nan,3.24927e-05,2.97065e-05,-nan,-nan,3.60523e-15
1613,1.02684e+06,0,-0.811,-nan,3.24927e-05,2.97065e-05,-nan,-nan,3.60506e-15
1614,1.02684e+06,0,-0.811,-nan,3.24927e-05,2.97065e-05,-nan,-nan,3.60489e-15
1615,1.02684e+06,0,-0.811,-nan,3.24927e-05,2.97065e-05,-nan,-nan,3.60471e-15
1616,1.02684e+06,0,-0.811,-nan,3.24927e-05,2.97065e-05,-nan,-nan,3.60454e-15
1617,1.02684e+06,0,-0.811,-nan,3.24927e-05,2.97065e-05,-nan,-nan,3.60437e-15
1618,1.02684e+06,0,-0.811,-nan,3.24927e-05,2.97065e-05,-nan,-nan,3.60419e-15
1619,1.02684e+06,0,-0.811,-nan,3.24927e-05,2.97065e-05,-nan,-nan,3.60402e-15
1620,1.02684e+06,0,-0.811,-nan,3.24927e-05,2.97065e-05,-nan,-nan,3.60385e-15
1621,1.02684e+06,0,-0.811,-nan,3.24927e-05,2.97065e-05,-nan,-nan,3.60367e-15
1622,1.02684e+06,0,-0.811,-nan,3.24927e-05,2.97065e-05,-nan,-nan,3.6035e-15
1623,1.02684e+06,0,-0.811,-nan,3.24927e-05,2.97065e-05,-nan,-nan,3.60333e-15
1624,1.02684e+06,0,-0.811,-nan,3.24927e-05,2.97065e-05,-nan,-nan,3.60316e-15
1625,1.02684e+06,0,-0.811,-nan,3.24927e-05,2.97065e-05,-nan,-nan,3.60298e-15
1626,1.02684e+06,0,-0.811,-nan,3.24927e-05,2.97065e-05,-nan,-nan,3.60281e-15
1627,1.02684e+06,0,-0.811,-nan,3.24927e-05,2.97065e-05,-nan,-nan,3.60264e-15
1628,1.02684e+06,0,-0.811,-nan,3.24927e-05,2.97065e-05,-nan,-nan,3.60246e-15
1629,1.02684e+06,0,-0.811,-nan,3.24927e-05,2.97065e-05,-nan,-nan,3.60229e-15
1630,1.02684e+06,0,-0.811,-nan,3.24927e-05,2.97065e-05,-nan,-nan,3.60212e-15
1631,1.02684e+06,0,-0.811,-nan,3.24927e-05,2.97065e-05,-nan,-nan,3.60195e-15
1632,1.02684e+06,0,-0.811,-nan,3.24927e-05,2.97065e-05,-nan,-nan,3.60177e-15
1633,1.02684e+06,0,-0.811,-nan,3.24927e-05,2.97065e-05,-nan,-nan,3.6016e-15
1634,1.02684e+06,0,-0.811,-nan,3.24927e-05,2.97065e-05,-nan,-nan,3.60143e-15
1635,1.02684e+06,0,-0.811,-nan,3.24927e-05,2.97065e-05,-nan,-nan,3.60125e-15
1636,1.02684e+06,0,-0.811,-nan,3.24927e-05,2.97065e-05,-nan,-nan,3.60108e-15
1637,1.02684e+06,0,-0.811,-nan,3.24927e-05,2.97065e-05,-nan,-nan,3.60091e-15
1638,1.02684e+06,0,-0.811,-nan,3.24927e-05,2.97065e-05,-nan,-nan,3.60074e-15
1639,1.02684e+06,0,-0.811,-nan,3.24927e-05,2.97065e-05,-nan,-nan,3.60056e-15
1640,1.02684e+06,0,-0.811,-nan,3.24927e-05,2.97065e-05,-nan,-nan,3.60039e-15
1641,1.02684e+06,0,-0.811,-nan,3.24927e-05,2.97065e-05,-nan,-nan,3.60022e-15
1642,1.02684e+06,0,-0.811,-nan,3.24927e-05,2.97065e-05,-nan,-nan,3.60004e-15
1643,1.02684e+06,0,-0.811,-nan,3.24927e-05,2.97065e-05,-nan,-nan,3.59987e-15
1644,1.02684e+06,0,-0.811,-nan,3.24927e-05,2.97065e-05,-nan,-nan,3.5997e-15
1645,1.02684e+06,0,-0.811,-nan,3.24927e-05,2.97065e-05,-nan,-nan,3.59953e-15
1646,1.02684e+06,0,-0.811,-nan,3.24927e-05,2.97065e-05,-nan,-nan,3.59935e-15
1647,1.02684e+06,0,-0.811,-nan,3.24927e-05,2.97065e-05,-nan,-nan,3.59918e-15
1648,1.02684e+06,0,-0.811,-nan,3.24927e-05,2.97065e-05,-nan,-nan,3.59901e-15
1649,1.02684e+06,0,-0.811,-nan,3.24927e-05,2.97065e-05,-nan,-nan,3.59883e-15
1650,1.02684e+06,0,-0.811,-nan,3.24927e-05,2.97065e-05,-nan,-nan,3.59866e-15
1651,1.02684e+06,0,-0.811,-nan,3.24927e-05,2.97065e-05,-nan,-nan,3.59849e-15
1652,1.02684e+06,0,-0.811,-nan,3.24927e-05,2.97065e-05,-nan,-nan,3.59832e-15
1653,1.02684e+06,0,-0.811,-nan,3.24927e-05,2.97065e-05,-nan,-nan,3.59814e-15
1654,1.02684e+06,0,-0.811,-nan,3.24927e-05,2.97065e-05,-nan,-nan,3.59797e-15
1655,1.02684e+06,0,-0.811,-nan,3.24927e-05,2.97065e-05,-nan,-nan,3.5978e-15
1656,1.02684e+06,0,-0.811,-nan,3.24927e-05,2.97065e-05,-nan,-nan,3.59763e-15
1657,1.02684e+06,0,-0.811,-nan,3.24927e-05,2.97065e-05,-nan,-nan,3.59745e-15
1658,1.02684e+06,0,-0.811,-nan,3.24927e-05,2.97065e-05,-nan,-nan,3.59728e-15
1659,1.02684e+06,0,-0.811,-nan,3.24927e-05,2.97065e-05,-nan,-nan,3.59711e-15
1660,1.02684e+06,0,-0.811,-nan,3.24927e-05,2.97065e-05,-nan,-nan,3.59694e-15
1661,1.02684e+06,0,-0.811,-nan,3.24927e-05,2.97065e-05,-nan,-nan,3.59676e-15
1662,1.02684e+06,0,-0.811,-nan,3.24927e-05,2.97065e-05,-nan,-nan,3.59659e-15
1663,1.02684e+06,0,-0.811,-nan,3.24927e-05,2.97065e-05,-nan,-nan,3.59642e-15
1664,1.02684e+06,0,-0.811,-nan,3.24927e-05,2.97065e-05,-nan,-nan,3.59624e-15
1665,1.02684e+06,0,-0.811,-nan,3.24927e-05,2.97065e-05,-nan,-nan,3.59607e-15
1666,1.02684e+06,0,-0.811,-nan,3.24927e-05,2.97065e-05,-nan,-nan,3.5959e-15
1667,1.02684e+06,0,-0.811,-nan,3.24927e-05,2.97065e-05,-nan,-nan,3.59573e-15
1668,1.02684e+06,0,-0.811,-nan,3.24927e-05,2.97065e-05,-nan,-nan,3.59555e-15
1669,1.02684e+06,0,-0.811,-nan,3.24927e-05,2.97065e-05,-nan,-nan,3.59538e-15
1670,1.02684e+06,0,-0.811,-nan,3.24927e-05,2.97065e-05,-nan,-nan,3.59521e-15
1671,1.02684e+06,0,-0.811,-nan,3.24927e-05,2.97065e-05,-nan,-nan,3.59504e-15
1672,1.02684e+06,0,-0.811,-nan,3.24927e-05,2.97065e-05,-nan,-nan,3.59486e-15
1673,1.02684e+06,0,-0.811,-nan,3.24927e-05,2.97065e-05,-nan,-nan,3.59469e-15
1674,1.02684e+06,0,-0.811,-nan,3.24927e-05,2.97065e-05,-nan,-nan,3.59452e-15
1675,1.02684e+06,0,-0.811,-nan,3.24927e-05,2.97065e-05,-nan,-nan,3.59435e-15
1676,1.02684e+06,0,-0.811,-nan,3.24927e-05,2.97065e-05,-nan,-nan,3.59417e-15
1677,1.02684e+06,0,-0.811,-nan,3.24927e-05,2.97065e-05,-nan,-nan,3.594e-15
1678,1.02684e+06,0,-0.811,-nan,3.24927e-05,2.97065e-05,-nan,-nan,3.59383e-15
1679,1.02684e+06,0,-0.811,-nan,3.24927e-05,2.97065e-05,-nan,-nan,3.59366e-15
1680,1.02684e+06,0,-0.811,-nan,3.24927e-05,2.97065e-05,-nan,-nan,3.59348e-15
1681,1.02684e+06,0,-0.811,-nan,3.24927e-05,2.97065e-05,-nan,-nan,3.59331e-15
1682,1.02684e+06,0,-0.811,-nan,3.24927e-05,2.97065e-05,-nan,-nan,3.59314e-15
1683,1.02684e+06,0,-0.811,-nan,3.24927e-05,2.97065e-05,-nan,-nan,3.59297e-15
1684,1.02684e+06,0,-0.811,-nan,3.24927e-05,2.97065e-05,-nan,-nan,3.59279e-15
1685,1.02684e+06,0,-0.811,-nan,3.24927e-05,2.97065e-05,-nan,-nan,3.59262e-15
1686,1.02684e+06,0,-0.811,-nan,3.24927e-05,2.97065e-05,-nan,-nan,3.59245e-15
1687,1.02684e+06,0,-0.811,-nan,3.24927e-05,2.97065e-05,-nan,-nan,3.59228e-15
1688,1.02684e+06,0,-0.811,-nan,3.24927e-05,2.97065e-05,-nan,-nan,3.5921e-15
1689,1.02684e+06,0,-0.811,-nan,3.24927e-05,2.97065e-05,-nan,-nan,3.59193e-15
1690,1.02684e+06,0,-0.811,-nan,3.24927e-05,2.97065e-05,-nan,-nan,3.59176e-15
1691,1.02684e+06,0,-0.811,-nan,3.24927e-05,2.97065e-05,-nan,-nan,3.59159e-15
1692,1.02684e+06,0,-0.811,-nan,3.24927e-05,2.97065e-05,-nan,-nan,3.59141e-15
1693,1.02684e+06,0,-0.811,-nan,3.24927e-05,2.97065e-05,-nan,-nan,3.59124e-15
1694,1.02684e+06,0,-0.811,-nan,3.24927e-05,2.97065e-05,-nan,-nan,3.59107e-15
1695,1.02684e+06,0,-0.811,-nan,3.24927e-05,2.97065e-05,-nan,-nan,3.5909e-15
1696,1.02684e+06,0,-0.811,-nan,3.24927e-05,2.97065e-05,-nan,-nan,3.59073e-15
1697,1.02684e+06,0,-0.811,-nan,3.24927e-05,2.97065e-05,-nan,-nan,3.59055e-15
1698,1.02684e+06,0,-0.811,-nan,3.24927e-05,2.97065e-05,-nan,-nan,3.59038e-15
1699,1.02684e+06,0,-0.811,-nan,3.24927e-05,2.97065e-05,-nan,-nan,3.59021e-15
1700,1.02684e+06,0,-0.811,-nan,3.24927e-05,2.97065e-05,-nan,-nan,3.59004e-15
1701,1.02684e+06,0,-0.811,-nan,3.24927e-05,2.97065e-05,-nan,-nan,3.58986e-15
1702,1.02684e+06,0,-0.811,-nan,3.24927e-05,2.97065e-05,-nan,-nan,3.58969e-15
1703,1.02684e+06,0,-0.811,-nan,3.24927e-05,2.97065e-05,-nan,-nan,3.58952e-15
1704,1.02684e+06,0,-0.811,-nan,3.24927e-05,2.97065e-05,-nan,-nan,3.58935e-15
1705,1.02684e+06,0,-0.811,-nan,3.24927e-05,2.97065e-05,-nan,-nan,3.58917e-15
1706,1.02684e+06,0,-0.811,-nan,3.24927e-05,2.97065e-05,-nan,-nan,3.589e-15
1707,1.02684e+06,0,-0.811,-nan,3.24927e-05,2.97065e-05,-nan,-nan,3.58883e-15
1708,1.02684e+06,0,-0.811,-nan,3.24927e-05,2.97065e-05,-nan,-nan,3.58866e-15
1709,1.02684e+06,0,-0.811,-nan,3.24927e-05,2.97065e-05,-nan,-nan,3.58849e-15
1710,1.02684e+06,0,-0.811,-nan,3.24927e-05,2.97065e-05,-nan,-nan,3.58831e-15
1711,1.02684e+06,0,-0.811,-nan,3.24927e-05,2.97065e-05,-nan,-nan,3.58814e-15
1712,1.02684e+06,0,-0.811,-nan,3.24927e-05,2.97065e-05,-nan,-nan,3.58797e-15
1713,1.02684e+06,0,-0.811,-nan,3.24927e-05,2.97065e-05,-nan,-nan,3.5878e-15
1714,1.02684e+06,0,-0.811,-nan,3.24927e-05,2.97065e-05,-nan,-nan,3.58762e-15
1715,1.02684e+06,0,-0.811,-nan,3.24927e-05,2.97065e-05,-nan,-nan,3.58745e-15
1716,1.02684e+06,0,-0.811,-nan,3.24927e-05,2.97065e-05,-nan,-nan,3.58728e-15
1717,1.02684e+06,0,-0.811,-nan,3.24927e-05,2.97065e-05,-nan,-nan,3.58711e-15
1718,1.02684e+06,0,-0.811,-nan,3.24927e-05,2.97065e-05,-nan,-nan,3.58694e-15
1719,1.02684e+06,0,-0.811,-nan,3.24927e-05,2.97065e-05,-nan,-nan,3.58676e-15
1720,1.02684e+06,0,-0.811,-nan,3.24927e-05,2.97065e-05,-nan,-nan,3.58659e-15
1721,1.02684e+06,0,-0.811,-nan,3.24927e-05,2.97065e-05,-nan,-nan,3.58642e-15
1722,1.02684e+06,0,-0.811,-nan,3.24927e-05,2.97065e-05,-nan,-nan,3.58625e-15
1723,1.02684e+06,0,-0.811,-nan,3.24927e-05,2.97065e-05,-nan,-nan,3.58607e-15
1724,1.02684e+06,0,-0.811,-nan,3.24927e-05,2.97065e-05,-nan,-nan,3.5859e-15
1725,1.02684e+06,0,-0.811,-nan,3.24927e-05,2.97065e-05,-nan,-nan,3.58573e-15
1726,1.02684e+06,0,-0.811,-nan,3.24927e-05,2.97065e-05,-nan,-nan,3.58556e-15
1727,1.02684e+06,0,-0.811,-nan,3.24927e-05,2.97065e-05,-nan,-nan,3.58539e-15
1728,1.02684e+06,0,-0.811,-nan,3.24927e-05,2.97065e-05,-nan,-nan,3.58521e-15
1729,1.02684e+06,0,-0.811,-nan,3.24927e-05,2.97065e-05,-nan,-nan,3.58504e-15
1730,1.02684e+06,0,-0.811,-nan,3.24927e-05,2.97065e-05,-nan,-nan,3.58487e-15
1731,1.02684e+06,0,-0.811,-nan,3.24927e-05,2.97065e-05,-nan,-nan,3.5847e-15
1732,1.02684e+06,0,-0.811,-nan,3.24927e-05,2.97065e-05,-nan,-nan,3.58453e-15
1733,1.02684e+06,0,-0.811,-nan,3.24927e-05,2.97065e-05,-nan,-nan,3.58435e-15
1734,1.02684e+06,0,-0.811,-nan,3.24927e-05,2.97065e-05,-nan,-nan,3.58418e-15
1735,1.02684e+06,0,-0.811,-nan,3.24927e-05,2.97065e-05,-nan,-nan,3.58401e-15
1736,1.02684e+06,0,-0.811,-nan,3.24927e-05,2.97065e-05,-nan,-nan,3.58384e-15
1737,1.02684e+06,0,-0.811,-nan,3.24927e-05,2.97065e-05,-nan,-nan,3.58367e-15
1738,1.02684e+06,0,-0.811,-nan,3.24927e-05,2.97065e-05,-nan,-nan,3.58349e-15
1739,1.02684e+06,0,-0.811,-nan,3.24927e-05,2.97065e-05,-nan,-nan,3.58332e-15
1740,1.02684e+06,0,-0.811,-nan,3.24927e-05,2.97065e-05,-nan,-nan,3.58315e-15
1741,1.02684e+06,0,-0.811,-nan,3.24927e-05,2.97065e-05,-nan,-nan,3.58298e-15
1742,1.02684e+06,0,-0.811,-nan,3.24927e-05,2.97065e-05,-nan,-nan,3.58281e-15
1743,1.02684e+06,0,-0.811,-nan,3.24927e-05,2.97065e-05,-nan,-nan,3.58263e-15
1744,1.02684e+06,0,-0.811,-nan,3.24927e-05,2.97065e-05,-nan,-nan,3.58246e-15
1745,1.02684e+06,0,-0.811,-nan,3.24927e-05,2.97065e-05,-nan,-nan,3.58229e-15
1746,1.02684e+06,0,-0.811,-nan,3.24927e-05,2.97065e-05,-nan,-nan,3.58212e-15
1747,1.02684e+06,0,-0.811,-nan,3.24927e-05,2.97065e-05,-nan,-nan,3.58195e-15
1748,1.02684e+06,0,-0.811,-nan,3.24927e-05,2.97065e-05,-nan,-nan,3.58177e-15
1749,1.02684e+06,0,-0.811,-nan,3.24927e-05,2.97065e-05,-nan,-nan,3.5816e-15
1750,1.02684e+06,0,-0.811,-nan,3.24927e-05,2.97065e-05,-nan,-nan,3.58143e-15
1751,1.02684e+06,0,-0.811,-nan,3.24927e-05,2.97065e-05,-nan,-nan,3.58126e-15
1752,1.02684e+06,0,-0.811,-nan,3.24927e-05,2.97065e-05,-nan,-nan,3.58109e-15
1753,1.02684e+06,0,-0.811,-nan,3.24927e-05,2.97065e-05,-nan,-nan,3.58091e-15
1754,1.02684e+06,0,-0.811,-nan,3.24927e-05,2.97065e-05,-nan,-nan,3.58074e-15
1755,1.02684e+06,0,-0.811,-nan,3.24927e-05,2.97065e-05,-nan,-nan,3.58057e-15
1756,1.02684e+06,0,-0.811,-nan,3.24927e-05,2.97065e-05,-nan,-nan,3.5804e-15
1757,1.02684e+06,0,-0.811,-nan,3.24927e-05,2.97065e-05,-nan,-nan,3.58023e-15
1758,1.02684e+06,0,-0.811,-nan,3.24927e-05,2.97065e-05,-nan,-nan,3.58005e-15
1759,1.02684e+06,0,-0.811,-nan,3.24927e-05,2.97065e-05,-nan,-nan,3.57988e-15
1760,1.02684e+06,0,-0.811,-nan,3.24927e-05,2.97065e-05,-nan,-nan,3.57971e-15
1761,1.02684e+06,0,-0.811,-nan,3.24927e-05,2.97065e-05,-nan,-nan,3.57954e-15
1762,1.02684e+06,0,-0.811,-nan,3.24927e-05,2.97065e-05,-nan,-nan,3.57937e-15
1763,1.02684e+06,0,-0.811,-nan,3.24927e-05,2.97065e-05,-nan,-nan,3.5792e-15
1764,1.02684e+06,0,-0.811,-nan,3.24927e-05,2.97065e-05,-nan,-nan,3.57902e-15
1765,1.02684e+06,0,-0.811,-nan,3.24927e-05,2.97065e-05,-nan,-nan,3.57885e-15
1766,1.02684e+06,0,-0.811,-nan,3.24927e-05,2.97065e-05,-nan,-nan,3.57868e-15
1767,1.02684e+06,0,-0.811,-nan,3.24927e-05,2.97065e-05,-nan,-nan,3.57851e-15
1768,1.02684e+06,0,-0.811,-nan,3.24927e-05,2.97065e-05,-nan,-nan,3.57834e-15
1769,1.02684e+06,0,-0.811,-nan,3.24927e-05,2.97065e-05,-nan,-nan,3.57817e-15
1770,1.02684e+06,0,-0.811,-nan,3.24927e-05,2.97065e-05,-nan,-nan,3.57799e-15
1771,1.02684e+06,0,-0.811,-nan,3.24927e-05,2.97065e-05,-nan,-nan,3.57782e-15
1772,1.02684e+06,0,-0.811,-nan,3.24927e-05,2.97065e-05,-nan,-nan,3.57765e-15
1773,1.02684e+06,0,-0.811,-nan,3.24927e-05,2.97065e-05,-nan,-nan,3.57748e-15
1774,1.02684e+06,0,-0.811,-nan,3.24927e-05,2.97065e-05,-nan,-nan,3.57731e-15
1775,1.02684e+06,0,-0.811,-nan,3.24927e-05,2.97065e-05,-nan,-nan,3.57713e-15
1776,1.02684e+06,0,-0.811,-nan,3.24927e-05,2.97065e-05,-nan,-nan,3.57696e-15
1777,1.02684e+06,0,-0.811,-nan,3.24927e-05,2.97065e-05,-nan,-nan,3.57679e-15
1778,1.02684e+06,0,-0.811,-nan,3.24927e-05,2.97065e-05,-nan,-nan,3.57662e-15
1779,1.02684e+06,0,-0.811,-nan,3.24927e-05,2.97065e-05,-nan,-nan,3.57645e-15
1780,1.02684e+06,0,-0.811,-nan,3.24927e-05,2.97065e-05,-nan,-nan,3.57628e-15
1781,1.02684e+06,0,-0.811,-nan,3.24927e-05,2.97065e-05,-nan,-nan,3.5761e-15
1782,1.02684e+06,0,-0.811,-nan,3.24927e-05,2.97065e-05,-nan,-nan,3.57593e-15
1783,1.02684e+06,0,-0.811,-nan,3.24927e-05,2.97065e-05,-nan,-nan,3.57576e-15
1784,1.02684e+06,0,-0.811,-nan,3.24927e-05,2.97065e-05,-nan,-nan,3.57559e-15
1785,1.02684e+06,0,-0.811,-nan,3.24927e-05,2.97065e-05,-nan,-nan,3.57542e-15
1786,1.02684e+06,0,-0.811,-nan,3.24927e-05,2.97065e-05,-nan,-nan,3.57525e-15
1787,1.02684e+06,0,-0.811,-nan,3.24927e-05,2.97065e-05,-nan,-nan,3.57508e-15
1788,1.02684e+06,0,-0.811,-nan,3.24927e-05,2.97065e-05,-nan,-nan,3.5749e-15
1789,1.02684e+06,0,-0.811,-nan,3.24927e-05,2.97065e-05,-nan,-nan,3.57473e-15
1790,1.02684e+06,0,-0.811,-nan,3.24927e-05,2.97065e-05,-nan,-nan,3.57456e-15
1791,1.02684e+06,0,-0.811,-nan,3.24927e-05,2.97065e-05,-nan,-nan,3.57439e-15
1792,1.02684e+06,0,-0.811,-nan,3.24927e-05,2.97065e-05,-nan,-nan,3.57422e-15
1793,1.02684e+06,0,-0.811,-nan,3.24927e-05,2.97065e-05,-nan,-nan,3.57405e-15
1794,1.02684e+06,0,-0.811,-nan,3.24927e-05,2.97065e-05,-nan,-nan,3.57387e-15
1795,1.02684e+06,0,-0.811,-nan,3.24927e-05,2.97065e-05,-nan,-nan,3.5737e-15
1796,1.02684e+06,0,-0.811,-nan,3.24927e-05,2.97065e-05,-nan,-nan,3.57353e-15
1797,1.02684e+06,0,-0.811,-nan,3.24927e-05,2.97065e-05,-nan,-nan,3.57336e-15
1798,1.02684e+06,0,-0.811,-nan,3.24927e-05,2.97065e-05,-nan,-nan,3.57319e-15
1799,1.02684e+06,0,-0.811,-nan,3.24927e-05,2.97065e-05,-nan,-nan,3.57302e-15
1800,1.02684e+06,0,-0.811,-nan,3.24927e-05,2.97065e-05,-nan,-nan,3.57284e-15
1801,1.02684e+06,0,-0.811,-nan,3.24927e-05,2.97065e-05,-nan,-nan,3.57267e-15
1802,1.02684e+06,0,-0.811,-nan,3.24927e-05,2.97065e-05,-nan,-nan,3.5725e-15
1803,1.02684e+06,0,-0.811,-nan,3.24927e-05,2.97065e-05,-nan,-nan,3.57233e-15
1804,1.02684e+06,0,-0.811,-nan,3.24927e-05,2.97065e-05,-nan,-nan,3.57216e-15
1805,1.02684e+06,0,-0.811,-nan,3.24927e-05,2.97065e-05,-nan,-nan,3.57199e-15
1806,1.02684e+06,0,-0.811,-nan,3.24927e-05,2.97065e-05,-nan,-nan,3.57182e-15
1807,1.02684e+06,0,-0.811,-nan,3.24927e-05,2.97065e-05,-nan,-nan,3.57164e-15
1808,1.02684e+06,0,-0.811,-nan,3.24927e-05,2.97065e-05,-nan,-nan,3.57147e-15
1809,1.02684e+06,0,-0.811,-nan,3.24927e-05,2.97065e-05,-nan,-nan,3.5713e-15
1810,1.02684e+06,0,-0.811,-nan,3.24927e-05,2.97065e-05,-nan,-nan,3.57113e-15
1811,1.02684e+06,0,-0.811,-nan,3.24927e-05,2.97065e-05,-nan,-nan,3.57096e-15
1812,1.02684e+06,0,-0.811,-nan,3.24927e-05,2.97065e-05,-nan,-nan,3.57079e-15
1813,1.02684e+06,0,-0.811,-nan,3.24927e-05,2.97065e-05,-nan,-nan,3.57062e-15
1814,1.02684e+06,0,-0.811,-nan,3.24927e-05,2.97065e-05,-nan,-nan,3.57044e-15
1815,1.02684e+06,0,-0.811,-nan,3.24927e-05,2.97065e-05,-nan,-nan,3.57027e-15
1816,1.02684e+06,0,-0.811,-nan,3.24927e-05,2.97065e-05,-nan,-nan,3.5701e-15
1817,1.02684e+06,0,-0.811,-nan,3.24927e-05,2.97065e-05,-nan,-nan,3.56993e-15
1818,1.02684e+06,0,-0.811,-nan,3.24927e-05,2.97065e-05,-nan,-nan,3.56976e-15
1819,1.02684e+06,0,-0.811,-nan,3.24927e-05,2.97065e-05,-nan,-nan,3.56959e-15
1820,1.02684e+06,0,-0.811,-nan,3.24927e-05,2.97065e-05,-nan,-nan,3.56942e-15
1821,1.02684e+06,0,-0.811,-nan,3.24927e-05,2.97065e-05,-nan,-nan,3.56925e-15
1822,1.02684e+06,0,-0.811,-nan,3.24927e-05,2.97065e-05,-nan,-nan,3.56907e-15
1823,1.02684e+06,0,-0.811,-nan,3.24927e-05,2.97065e-05,-nan,-nan,3.5689e-15
1824,1.02684e+06,0,-0.811,-nan,3.24927e-05,2.97065e-05,-nan,-nan,3.56873e-15
1825,1.02684e+06,0,-0.811,-nan,3.24927e-05,2.97065e-05,-nan,-nan,3.56856e-15
1826,1.02684e+06,0,-0.811,-nan,3.24927e-05,2.97065e-05,-nan,-nan,3.56839e-15
1827,1.02684e+06,0,-0.811,-nan,3.24927e-05,2.97065e-05,-nan,-nan,3.56822e-15
1828,1.02684e+06,0,-0.811,-nan,3.24927e-05,2.97065e-05,-nan,-nan,3.56805e-15
1829,1.02684e+06,0,-0.811,-nan,3.24927e-05,2.97065e-05,-nan,-nan,3.56787e-15
1830,1.02684e+06,0,-0.811,-nan,3.24927e-05,2.97065e-05,-nan,-nan,3.5677e-15
1831,1.02684e+06,0,-0.811,-nan,3.24927e-05,2.97065e-05,-nan,-nan,3.56753e-15
1832,1.02684e+06,0,-0.811,-nan,3.24927e-05,2.97065e-05,-nan,-nan,3.56736e-15
1833,1.02684e+06,0,-0.811,-nan,3.24927e-05,2.97065e-05,-nan,-nan,3.56719e-15
1834,1.02684e+06,0,-0.811,-nan,3.24927e-05,2.97065e-05,-nan,-nan,3.56702e-15
1835,1.02684e+06,0,-0.811,-nan,3.24927e-05,2.97065e-05,-nan,-nan,3.56685e-15
1836,1.02684e+06,0,-0.811,-nan,3.24927e-05,2.97065e-05,-nan,-nan,3.56668e-15
1837,1.02684e+06,0,-0.811,-nan,3.24927e-05,2.97065e-05,-nan,-nan,3.56651e-15
1838,1.02684e+06,0,-0.811,-nan,3.24927e-05,2.97065e-05,-nan,-nan,3.56633e-15
1839,1.02684e+06,0,-0.811,-nan,3.24927e-05,2.97065e-05,-nan,-nan,3.56616e-15
1840,1.02684e+06,0,-0.811,-nan,3.24927e-05,2.97065e-05,-nan,-nan,3.56599e-15
1841,1.02684e+06,0,-0.811,-nan,3.24927e-05,2.97065e-05,-nan,-nan,3.56582e-15
1842,1.02684e+06,0,-0.811,-nan,3.24927e-05,2.97065e-05,-nan,-nan,3.56565e-15
1843,1.02684e+06,0,-0.811,-nan,3.24927e-05,2.97065e-05,-nan,-nan,3.56548e-15
1844,1.02684e+06,0,-0.811,-nan,3.24927e-05,2.97065e-05,-nan,-nan,3.56531e-15
1845,1.02684e+06,0,-0.811,-nan,3.24927e-05,2.97065e-05,-nan,-nan,3.56514e-15
1846,1.02684e+06,0,-0.811,-nan,3.24927e-05,2.97065e-05,-nan,-nan,3.56496e-15
1847,1.02684e+06,0,-0.811,-nan,3.24927e-05,2.97065e-05,-nan,-nan,3.56479e-15
1848,1.02684e+06,0,-0.811,-nan,3.24927e-05,2.97065e-05,-nan,-nan,3.56462e-15
1849,1.02684e+06,0,-0.811,-nan,3.24927e-05,2.97065e-05,-nan,-nan,3.56445e-15
1850,1.02684e+06,0,-0.811,-nan,3.24927e-05,2.97065e-05,-nan,-nan,3.56428e-15
1851,1.02684e+06,0,-0.811,-nan,3.24927e-05,2.97065e-05,-nan,-nan,3.56411e-15
1852,1.02684e+06,0,-0.811,-nan,3.24927e-05,2.97065e-05,-nan,-nan,3.56394e-15
1853,1.02684e+06,0,-0.811,-nan,3.24927e-05,2.97065e-05,-nan,-nan,3.56377e-15
1854,1.02684e+06,0,-0.811,-nan,3.24927e-05,2.97065e-05,-nan,-nan,3.5636e-15
1855,1.02684e+06,0,-0.811,-nan,3.24927e-05,2.97065e-05,-nan,-nan,3.56342e-15
1856,1.02684e+06,0,-0.811,-nan,3.24927e-05,2.97065e-05,-nan,-nan,3.56325e-15
1857,1.02684e+06,0,-0.811,-nan,3.24927e-05,2.97065e-05,-nan,-nan,3.56308e-15
1858,1.02684e+06,0,-0.811,-nan,3.24927e-05,2.97065e-05,-nan,-nan,3.56291e-15
1859,1.02684e+06,0,-0.811,-nan,3.24927e-05,2.97065e-05,-nan,-nan,3.56274e-15
1860,1.02684e+06,0,-0.811,-nan,3.24927e-05,2.97065e-05,-nan,-nan,3.56257e-15
1861,1.02684e+06,0,-0.811,-nan,3.24927e-05,2.97065e-05,-nan,-nan,3.5624e-15
1862,1.02684e+06,0,-0.811,-nan,3.24927e-05,2.97065e-05,-nan,-nan,3.56223e-15
1863,1.02684e+06,0,-0.811,-nan,3.24927e-05,2.97065e-05,-nan,-nan,3.56206e-15
1864,1.02684e+06,0,-0.811,-nan,3.24927e-05,2.97065e-05,-nan,-nan,3.56189e-15
1865,1.02684e+06,0,-0.811,-nan,3.24927e-05,2.97065e-05,-nan,-nan,3.56171e-15
1866,1.02684e+06,0,-0.811,-nan,3.24927e-05,2.97065e-05,-nan,-nan,3.56154e-15
1867,1.02684e+06,0,-0.811,-nan,3.24927e-05,2.97065e-05,-nan,-nan,3.56137e-15
1868,1.02684e+06,0,-0.811,-nan,3.24927e-05,2.97065e-05,-nan,-nan,3.5612e-15
1869,1.02684e+06,0,-0.811,-nan,3.24927e-05,2.97065e-05,-nan,-nan,3.56103e-15
1870,1.02684e+06,0,-0.811,-nan,3.24927e-05,2.97065e-05,-nan,-nan,3.56086e-15
1871,1.02684e+06,0,-0.811,-nan,3.24927e-05,2.97065e-05,-nan,-nan,3.56069e-15
1872,1.02684e+06,0,-0.811,-nan,3.24927e-05,2.97065e-05,-nan,-nan,3.56052e-15
1873,1.02684e+06,0,-0.811,-nan,3.24927e-05,2.97065e-05,-nan,-nan,3.56035e-15
1874,1.02684e+06,0,-0.811,-nan,3.24927e-05,2.97065e-05,-nan,-nan,3.56018e-15
1875,1.02684e+06,0,-0.811,-nan,3.24927e-05,2.97065e-05,-nan,-nan,3.56001e-15
1876,1.02684e+06,0,-0.811,-nan,3.24927e-05,2.97065e-05,-nan,-nan,3.55983e-15
1877,1.02684e+06,0,-0.811,-nan,3.24927e-05,2.97065e-05,-nan,-nan,3.55966e-15
1878,1.02684e+06,0,-0.811,-nan,3.24927e-05,2.97065e-05,-nan,-nan,3.55949e-15
1879,1.02684e+06,0,-0.811,-nan,3.24927e-05,2.97065e-05,-nan,-nan,3.55932e-15
1880,1.02684e+06,0,-0.811,-nan,3.24927e-05,2.97065e-05,-nan,-nan,3.55915e-15
1881,1.02684e+06,0,-0.811,-nan,3.24927e-05,2.97065e-05,-nan,-nan,3.55898e-15
1882,1.02684e+06,0,-0.811,-nan,3.24927e-05,2.97065e-05,-nan,-nan,3.55881e-15
1883,1.02684e+06,0,-0.811,-nan,3.24927e-05,2.97065e-05,-nan,-nan,3.55864e-15
1884,1.02684e+06,0,-0.811,-nan,3.24927e-05,2.97065e-05,-nan,-nan,3.55847e-15
1885,1.02684e+06,0,-0.811,-nan,3.24927e-05,2.97065e-05,-nan,-nan,3.5583e-15
1886,1.02684e+06,0,-0.811,-nan,3.24927e-05,2.97065e-05,-nan,-nan,3.55813e-15
1887,1.02684e+06,0,-0.811,-nan,3.24927e-05,2.97065e-05,-nan,-nan,3.55796e-15
1888,1.02684e+06,0,-0.811,-nan,3.24927e-05,2.97065e-05,-nan,-nan,3.55778e-15
1889,1.02684e+06,0,-0.811,-nan,3.24927e-05,2.97065e-05,-nan,-nan,3.55761e-15
1890,1.02684e+06,0,-0.811,-nan,3.24927e-05,2.97065e-05,-nan,-nan,3.55744e-15
1891,1.02684e+06,0,-0.811,-nan,3.24927e-05,2.97065e-05,-nan,-nan,3.55727e-15
1892,1.02684e+06,0,-0.811,-nan,3.24927e-05,2.97065e-05,-nan,-nan,3.5571e-15
1893,1.02684e+06,0,-0.811,-nan,3.24927e-05,2.97065e-05,-nan,-nan,3.55693e-15
1894,1.02684e+06,0,-0.811,-nan,3.24927e-05,2.97065e-05,-nan,-nan,3.55676e-15
1895,1.02684e+06,0,-0.811,-nan,3.24927e-05,2.97065e-05,-nan,-nan,3.55659e-15
1896,1.02684e+06,0,-0.811,-nan,3.24927e-05,2.97065e-05,-nan,-nan,3.55642e-15
1897,1.02684e+06,0,-0.811,-nan,3.24927e-05,2.97065e-05,-nan,-nan,3.55625e-15
1898,1.02684e+06,0,-0.811,-nan,3.24927e-05,2.97065e-05,-nan,-nan,3.55608e-15
1899,1.02684e+06,0,-0.811,-nan,3.24927e-05,2.97065e-05,-nan,-nan,3.55591e-15
1900,1.02684e+06,0,-0.811,-nan,3.24927e-05,2.97065e-05,-nan,-nan,3.55574e-15
1901,1.02684e+06,0,-0.811,-nan,3.24927e-05,2.97065e-05,-nan,-nan,3.55557e-15
1902,1.02684e+06,0,-0.811,-nan,3.24927e-05,2.97065e-05,-nan,-nan,3.55539e-15
1903,1.02684e+06,0,-0.811,-nan,3.24927e-05,2.97065e-05,-nan,-nan,3.55522e-15
1904,1.02684e+06,0,-0.811,-nan,3.24927e-05,2.97065e-05,-nan,-nan,3.55505e-15
1905,1.02684e+06,0,-0.811,-nan,3.24927e-05,2.97065e-05,-nan,-nan,3.55488e-15
1906,1.02684e+06,0,-0.811,-nan,3.24927e-05,2.97065e-05,-nan,-nan,3.55471e-15
1907,1.02684e+06,0,-0.811,-nan,3.24927e-05,2.97065e-05,-nan,-nan,3.55454e-15
1908,1.02684e+06,0,-0.811,-nan,3.24927e-05,2.97065e-05,-nan,-nan,3.55437e-15
1909,1.02684e+06,0,-0.811,-nan,3.24927e-05,2.97065e-05,-nan,-nan,3.5542e-15
1910,1.02684e+06,0,-0.811,-nan,3.24927e-05,2.97065e-05,-nan,-nan,3.55403e-15
1911,1.02684e+06,0,-0.811,-nan,3.24927e-05,2.97065e-05,-nan,-nan,3.55386e-15
1912,1.02684e+06,0,-0.811,-nan,3.24927e-05,2.97065e-05,-nan,-nan,3.55369e-15
1913,1.02684e+06,0,-0.811,-nan,3.24927e-05,2.97065e-05,-nan,-nan,3.55352e-15
1914,1.02684e+06,0,-0.811,-nan,3.24927e-05,2.97065e-05,-nan,-nan,3.55335e-15
1915,1.02684e+06,0,-0.811,-nan,3.24927e-05,2.97065e-05,-nan,-nan,3.55318e-15
1916,1.02684e+06,0,-0.811,-nan,3.24927e-05,2.97065e-05,-nan,-nan,3.55301e-15
1917,1.02684e+06,0,-0.811,-nan,3.24927e-05,2.97065e-05,-nan,-nan,3.55284e-15
1918,1.02684e+06,0,-0.811,-nan,3.24927e-05,2.97065e-05,-nan,-nan,3.55267e-15
1919,1.02684e+06,0,-0.811,-nan,3.24927e-05,2.97065e-05,-nan,-nan,3.55249e-15
1920,1.02684e+06,0,-0.811,-nan,3.24927e-05,2.97065e-05,-nan,-nan,3.55232e-15
1921,1.02684e+06,0,-0.811,-nan,3.24927e-05,2.97065e-05,-nan,-nan,3.55215e-15
1922,1.02684e+06,0,-0.811,-nan,3.24927e-05,2.97065e-05,-nan,-nan,3.55198e-15
1923,1.02684e+06,0,-0.811,-nan,3.24927e-05,2.97065e-05,-nan,-nan,3.55181e-15
1924,1.02684e+06,0,-0.811,-nan,3.24927e-05,2.97065e-05,-nan,-nan,3.55164e-15
1925,1.02684e+06,0,-0.811,-nan,3.24927e-05,2.97065e-05,-nan,-nan,3.55147e-15
1926,1.02684e+06,0,-0.811,-nan,3.24927e-05,2.97065e-05,-nan,-nan,3.5513e-15
1927,1.02684e+06,0,-0.811,-nan,3.24927e-05,2.97065e-05,-nan,-nan,3.55113e-15
1928,1.02684e+06,0,-0.811,-nan,3.24927e-05,2.97065e-05,-nan,-nan,3.55096e-15
1929,1.02684e+06,0,-0.811,-nan,3.24927e-05,2.97065e-05,-nan,-nan,3.55079e-15
1930,1.02684e+06,0,-0.811,-nan,3.24927e-05,2.97065e-05,-nan,-nan,3.55062e-15
1931,1.02684e+06,0,-0.811,-nan,3.24927e-05,2.97065e-05,-nan,-nan,3.55045e-15
1932,1.02684e+06,0,-0.811,-nan,3.24927e-05,2.97065e-05,-nan,-nan,3.55028e-15
1933,1.02684e+06,0,-0.811,-nan,3.24927e-05,2.97065e-05,-nan,-nan,3.55011e-15
1934,1.02684e+06,0,-0.811,-nan,3.24927e-05,2.97065e-05,-nan,-nan,3.54994e-15
1935,1.02684e+06,0,-0.811,-nan,3.24927e-05,2.97065e-05,-nan,-nan,3.54977e-15
1936,1.02684e+06,0,-0.811,-nan,3.24927e-05,2.97065e-05,-nan,-nan,3.5496e-15
1937,1.02684e+06,0,-0.811,-nan,3.24927e-05,2.97065e-05,-nan,-nan,3.54943e-15
1938,1.02684e+06,0,-0.811,-nan,3.24927e-05,2.97065e-05,-nan,-nan,3.54926e-15
1939,1.02684e+06,0,-0.811,-nan,3.24927e-05,2.97065e-05,-nan,-nan,3.54909e-15
1940,1.02684e+06,0,-0.811,-nan,3.24927e-05,2.97065e-05,-nan,-nan,3.54892e-15
1941,1.02684e+06,0,-0.811,-nan,3.24927e-05,2.97065e-05,-nan,-nan,3.54875e-15
1942,1.02684e+06,0,-0.811,-nan,3.24927e-05,2.97065e-05,-nan,-nan,3.54858e-15
1943,1.02684e+06,0,-0.811,-nan,3.24927e-05,2.97065e-05,-nan,-nan,3.5484e-15
1944,1.02684e+06,0,-0.811,-nan,3.24927e-05,2.97065e-05,-nan,-nan,3.54823e-15
1945,1.02684e+06,0,-0.811,-nan,3.24927e-05,2.97065e-05,-nan,-nan,3.54806e-15
1946,1.02684e+06,0,-0.811,-nan,3.24927e-05,2.97065e-05,-nan,-nan,3.54789e-15
1947,1.02684e+06,0,-0.811,-nan,3.24927e-05,2.97065e-05,-nan,-nan,3.54772e-15
1948,1.02684e+06,0,-0.811,-nan,3.24927e-05,2.97065e-05,-nan,-nan,3.54755e-15
1949,1.02684e+06,0,-0.811,-nan,3.24927e-05,2.97065e-05,-nan,-nan,3.54738e-15
1950,1.02684e+06,0,-0.811,-nan,3.24927e-05,2.97065e-05,-nan,-nan,3.54721e-15
1951,1.02684e+06,0,-0.811,-nan,3.24927e-05,2.97065e-05,-nan,-nan,3.54704e-15
1952,1.02684e+06,0,-0.811,-nan,3.24927e-05,2.97065e-05,-nan,-nan,3.54687e-15
1953,1.02684e+06,0,-0.811,-nan,3.24927e-05,2.97065e-05,-nan,-nan,3.5467e-15
1954,1.02684e+06,0,-0.811,-nan,3.24927e-05,2.97065e-05,-nan,-nan,3.54653e-15
1955,1.02684e+06,0,-0.811,-nan,3.24927e-05,2.97065e-05,-nan,-nan,3.54636e-15
1956,1.02684e+06,0,-0.811,-nan,3.24927e-05,2.97065e-05,-nan,-nan,3.54619e-15
1957,1.02684e+06,0,-0.811,-nan,3.24927e-05,2.97065e-05,-nan,-nan,3.54602e-15
1958,1.02684e+06,0,-0.811,-nan,3.24927e-05,2.97065e-05,-nan,-nan,3.54585e-15
1959,1.02684e+06,0,-0.811,-nan,3.24927e-05,2.97065e-05,-nan,-nan,3.54568e-15
1960,1.02684e+06,0,-0.811,-nan,3.24927e-05,2.97065e-05,-nan,-nan,3.54551e-15
1961,1.02684e+06,0,-0.811,-nan,3.24927e-05,2.97065e-05,-nan,-nan,3.54534e-15
1962,1.02684e+06,0,-0.811,-nan,3.24927e-05,2.97065e-05,-nan,-nan,3.54517e-15
1963,1.02684e+06,0,-0.811,-nan,3.24927e-05,2.97065e-05,-nan,-nan,3.545e-15
1964,1.02684e+06,0,-0.811,-nan,3.24927e-05,2.97065e-05,-nan,-nan,3.54483e-15
1965,1.02684e+06,0,-0.811,-nan,3.24927e-05,2.97065e-05,-nan,-nan,3.54466e-15
1966,1.02684e+06,0,-0.811,-nan,3.24927e-05,2.97065e-05,-nan,-nan,3.54449e-15
1967,1.02684e+06,0,-0.811,-nan,3.24927e-05,2.97065e-05,-nan,-nan,3.54432e-15
1968,1.02684e+06,0,-0.811,-nan,3.24927e-05,2.97065e-05,-nan,-nan,3.54415e-15
1969,1.02684e+06,0,-0.811,-nan,3.24927e-05,2.97065e-05,-nan,-nan,3.54398e-15
1970,1.02684e+06,0,-0.811,-nan,3.24927e-05,2.97065e-05,-nan,-nan,3.54381e-15
1971,1.02684e+06,0,-0.811,-nan,3.24927e-05,2.97065e-05,-nan,-nan,3.54364e-15
1972,1.02684e+06,0,-0.811,-nan,3.24927e-05,2.97065e-05,-nan,-nan,3.54347e-15
1973,1.02684e+06,0,-0.811,-nan,3.24927e-05,2.97065e-05,-nan,-nan,3.5433e-15
1974,1.02684e+06,0,-0.811,-nan,3.24927e-05,2.97065e-05,-nan,-nan,3.54313e-15
1975,1.02684e+06,0,-0.811,-nan,3.24927e-05,2.97065e-05,-nan,-nan,3.54296e-15
1976,1.02684e+06,0,-0.811,-nan,3.24927e-05,2.97065e-05,-nan,-nan,3.54279e-15
1977,1.02684e+06,0,-0.811,-nan,3.24927e-05,2.97065e-05,-nan,-nan,3.54262e-15
1978,1.02684e+06,0,-0.811,-nan,3.24927e-05,2.97065e-05,-nan,-nan,3.54245e-15
1979,1.02684e+06,0,-0.811,-nan,3.24927e-05,2.97065e-05,-nan,-nan,3.54228e-15
1980,1.02684e+06,0,-0.811,-nan,3.24927e-05,2.97065e-05,-nan,-nan,3.54211e-15
1981,1.02684e+06,0,-0.811,-nan,3.24927e-05,2.97065e-05,-nan,-nan,3.54194e-15
1982,1.02684e+06,0,-0.811,-nan,3.24927e-05,2.97065e-05,-nan,-nan,3.54177e-15
1983,1.02684e+06,0,-0.811,-nan,3.24927e-05,2.97065e-05,-nan,-nan,3.5416e-15
1984,1.02684e+06,0,-0.811,-nan,3.24927e-05,2.97065e-05,-nan,-nan,3.54143e-15
1985,1.02684e+06,0,-0.811,-nan,3.24927e-05,2.97065e-05,-nan,-nan,3.54126e-15
1986,1.02684e+06,0,-0.811,-nan,3.24927e-05,2.97065e-05,-nan,-nan,3.54109e-15
1987,1.02684e+06,0,-0.811,-nan,3.24927e-05,2.97065e-05,-nan,-nan,3.54092e-15
1988,1.02684e+06,0,-0.811,-nan,3.24927e-05,2.97065e-05,-nan,-nan,3.54075e-15
1989,1.02684e+06,0,-0.811,-nan,3.24927e-05,2.97065e-05,-nan,-nan,3.54058e-15
1990,1.02684e+06,0,-0.811,-nan,3.24927e-05,2.97065e-05,-nan,-nan,3.54041e-15
1991,1.02684e+06,0,-0.811,-nan,3.24927e-05,2.97065e-05,-nan,-nan,3.54024e-15
1992,1.02684e+06,0,-0.811,-nan,3.24927e-05,2.97065e-05,-nan,-nan,3.54007e-15
1993,1.02684e+06,0,-0.811,-nan,3.24927e-05,2.97065e-05,-nan,-nan,3.5399e-15
1994,1.02684e+06,0,-0.811,-nan,3.24927e-05,2.97065e-05,-nan,-nan,3.53973e-15
1995,1.02684e+06,0,-0.811,-nan,3.24927e-05,2.97065e-05,-nan,-nan,3.53956e-15
1996,1.02684e+06,0,-0.811,-nan,3.24927e-05,2.97065e-05,-nan,-nan,3.53939e-15
1997,1.02684e+06,0,-0.811,-nan,3.24927e-05,2.97065e-05,-nan,-nan,3.53922e-15
1998,1.02684e+06,0,-0.811,-nan,3.24927e-05,2.97065e-05,-nan,-nan,3.53905e-15
1999,1.02684e+06,0,-0.811,-nan,3.24927e-05,2.97065e-05,-nan,-nan,3.53888e-15
